14
Mercury 6.553709809565314e-06
1.6306381826061646e-05
0.3870985843095394 0.2056234010897001 7.003302508001384
48.29611837378607 29.20442403952454 338.3394874682879
0.0 0.0 0.346
3.573018077015318 -18.380317085416586 34.36143850429876
Venus 9.663313399581537e-05
4.0453784346544176e-05
0.7233297579736101 0.006717605698865438 3.394439273342282
76.60235891771119 54.96037946082961 200.4789339550648
0.0 0.0 0.4
0.17650282045605922 -3.6612475825356214 8.702866268072764
Earth 0.00012002693582795245
4.25875607065041e-05
0.9999904874543223 0.01671400376545858 0.003637862608863003
175.025172600231 287.9619628812575 114.3482934042427
0.0 0.0 0.3307
6.157239621449141 0.057224133705898524 2301.2082528350797
Mars 1.2739802010675942e-05
2.2657408050928896e-05
1.523711925589535 0.09344151133508208 1.847441673557901
49.4728572124747 286.7379771285891 209.3396773477138
0.0 0.0 0.3644
997.9224351226384 -909.5549030011778 1783.3823046046184
Jupiter 0.037692251088985676
0.0004673261703049093
5.2027278008516 0.04824497711637968 1.303631134570075
100.5192588433081 273.5898402882514 129.5536700659942
0.0 0.0 0.2756
-80.9864396731672 -2388.0246092955053 5008.722318533006
Saturn 0.011285899820091273
0.00038925687730393614
9.532011952667288 0.05486329870433341 2.487906363280301
113.6305781676206 339.5467356402391 290.8995806568904
0.0 0.0 0.22
441.95954822014636 378.52638822638795 5135.909115928892
Uranus 0.001723658947826773
0.00016953449859497232
19.24498838290236 0.04796174942301296 0.7730102596086205
74.0125809801658 93.59554912280227 262.8658637277515
0.0 0.0 0.23
-677.3000258209181 -3008.1099071905787 -836.3013266185699
Neptune 0.0020336100526728304
0.00016458790412449367
30.03895991152209 0.008955570138096731 1.771119354296142
131.8221159748827 284.4748429674216 308.4513720536233
0.0 0.0 0.23
1232.224106980634 -2177.3040821077648 2329.8227878119233
Pluto 2.924216771029454e-07
7.943294877391593e-06
39.36791814672583 0.2487178537481577 17.1705505990969
110.3314332962701 113.0826635900664 55.11416408345664
0.0 0.0 0.4
-243.59404988903637 261.28663002814227 -38.57352022187049
MassiveBody_01 1.1912109366578089e-05
2.425055692051245e-05
0.7452368716298337 0.0633011418780484 0.11151363780595558
203.01823417718037 284.9353898127118 266.79344592519305
0.4 0.4 0.4
0.0 0.0 0.0
MassiveBody_02 1.5882812488770783e-05
2.6691191565570074e-05
0.7671203280602826 0.10149029388964753 53.46706656938751
61.74738152068808 68.20565593722856 271.3352706902475
0.4 0.4 0.4
0.0 0.0 0.0
MassiveBody_03 1.985351561096348e-05
2.8752214513575297e-05
1.4698824276418418 0.13621250684495437 23.635498327264845
38.071905339231236 283.134612455057 250.67457601578352
0.4 0.4 0.4
0.0 0.0 0.0
MassiveBody_04 5.9560546832890444e-05
4.14678690275904e-05
0.9741731590760117 0.1519713326893784 20.51335588582416
350.53780805624825 304.05941264938997 142.62713592644738
0.4 0.4 0.4
0.0 0.0 0.0
MassiveBody_05 9.926757805481742e-05
4.916559523190238e-05
0.6633500122731075 0.13550930562584215 10.680323453316653
328.45970148163457 49.93948991697533 316.2109831817007
0.4 0.4 0.4
0.0 0.0 0.0
