10
TestParticle_01
1.0288790290699558749 0.088535376967516773994 39.679062610233010844
51.107327480220099858 20.90477961082723013 183.92936958121950397
TestParticle_02
0.54831541717225318333 0.20048853000030755767 32.784952066779297297
66.59436607119042151 196.2609764918545352 76.40623742948525887
TestParticle_03
0.9815578696795972391 0.25717438840188583393 38.959194313128776344
158.31201212846775661 93.86793546512863884 126.96040079919036714
TestParticle_04
0.70510786000431613374 0.068740260615181125736 39.981235917453354034
26.668314027440779057 12.507089902982141183 53.606668142734086757
TestParticle_05
1.336737159289705712 0.25044351028750111432 74.189544264066626056
313.1647935522670423 152.39951433565357775 322.52271715518395467
TestParticle_06
0.64018428687513928566 0.1478972702874425671 73.39555666508663023
74.03379498826825511 124.22185942531125136 106.36095293685497154
TestParticle_07
1.2738161048947760356 0.17129911220230967239 78.723790909435408025
111.971184037421835455 315.6294407604535195 108.74538288631850946
TestParticle_08
0.5196197141250760154 0.26607581023277782073 79.221465395061358095
240.07768052067768849 177.4793327047061382 189.85775920180086018
TestParticle_09
0.7160151851892424535 0.29584187625470087513 58.1214116614385361
24.22606869850931588 338.4678256522021229 136.32070882113120547
TestParticle_10
1.0782431797945351004 0.11096856177737297877 54.729767236739554903
280.85362091874827684 116.780853088052467115 286.99855363222661708
