175
0.022857142857142857
3.942906710827222e-06 3.864437621482922e-24
2.5396362465934913e-82
7.473325769158597e-74
8.090247895937479e-66
3.221923781786548e-58
4.7203501348427566e-51
2.544126392928432e-44
5.044390173189268e-38
3.679460768223134e-32
9.873365184050078e-27
9.746568566143027e-22
3.539515368284953e-17
4.728695842967701e-13
2.3240446984269705e-09
4.201971387847713e-06
0.0027949061109187115
0.683890976777777
61.56190385184727
2038.6502694914834
24835.84459606651
111306.53327880595
183513.44898465904
111306.53327880595
24835.84459606651
2038.6502694914834
61.56190385184727
0.683890976777777
0.0027949061109187115
4.201971387847713e-06
2.3240446984269705e-09
4.728695842967701e-13
3.539515368284953e-17
9.746568566143027e-22
9.873365184050078e-27
3.679460768223134e-32
5.044390173189268e-38
2.544126392928432e-44
4.7203501348427566e-51
3.221923781786548e-58
8.090247895937479e-66
7.473325769158597e-74
2.5396362465934913e-82
3.174933533258522e-91
1.4601695142996207e-100
2.4704577679094724e-110
1.5376486432254505e-120
3.5208076787529207e-131
2.965739586843012e-142
9.190290592174087e-154
1.0476856402188642e-165
4.3937794892964656e-178
6.778772220441318e-191
3.8474177386939726e-204
8.033284781090373e-218
6.1705304698074066e-232
1.7436421440427192e-246
1.8125822874825712e-261
6.931761701053815e-277
9.752030137013187e-293
5.04721683946511e-309
0.0
0.0
0.0
0.0
0.0
0.0
0.0
0.0
0.0
0.0
0.0
0.0
0.0
0.0
0.0
0.0
0.0
0.0
0.0
0.0
0.0
0.0
0.0
0.0
0.0
0.0
0.0
0.0
0.0
0.0
0.0
0.0
0.0
0.0
0.0
0.0
0.0
0.0
0.0
0.0
0.0
0.0
0.0
0.0
0.0
0.0
0.0
0.0
0.0
0.0
0.0
0.0
0.0
0.0
0.0
0.0
0.0
0.0
0.0
0.0
0.0
0.0
0.0
0.0
0.0
0.0
0.0
0.0
0.0
0.0
0.0
0.0
0.0
0.0
0.0
0.0
0.0
0.0
0.0
0.0
0.0
0.0
0.0
0.0
0.0
0.0
0.0
0.0
0.0
0.0
0.0
0.0
0.0
0.0
0.0
0.0
0.0
0.0
0.0
0.0
0.0
0.0
0.0
0.0
0.0
0.0
0.0
0.0
0.0
0.0
0.0
0.0
0.0
0.0
0.0
0.0
