18
101
0.0080829031543499848395 -0.46158204302657929174 -0.038460177383292291908
0.025090740792557679473 0.00193463921399069207 -0.0019046569774229759036
102
0.008036781741686682343 -0.46162816443924253873 -0.038460177383292291908
0.01988364184853937816 0.00193463921399069207 -0.0019046569774229759036
103
-0.51153031124843428845 0.50313908519420458276 0.036425472992779560355
-0.007907923549198175514 -0.014528686301793089508 0.0006232072038298823056
104
-0.5116447318293787516 0.5030246646132601196 0.036425472992779560355
-0.020602390959888965127 -0.014528686301793089508 0.0006232072038298823056
105
-0.10894183284815117663 -1.0098335771038264852 4.8233029186325282966e-05
0.023719359459963285097 -0.0019105497620569790364 3.9926607426871281197e-08
106
-0.109062288660030232146 -1.009954032915705735 4.8233029186325282966e-05
0.00993047899141553253 -0.0019105497620569790364 3.9926607426871281197e-08
107
-1.3428658869178822233 0.97789755368202779806 0.053433985387238869258
-0.0046328365471693128824 -0.01011917844182222935 -2.28774480126113111e-05
108
-1.3429299717453899721 0.97783346885452004926 0.053433985387238869258
-0.0107917947436170988396 -0.01011917844182222935 -2.28774480126113111e-05
109
3.9238450924224119731 -3.1677588714750708476 -0.07461478779720470689
0.041537769840633231855 0.0062326233009544675795 -0.00013004292010574568976
110
3.9225232944062176088 -3.169080669491265212 -0.07461478779720470689
-0.03222666456266162771 0.0062326233009544675795 -0.00013004292010574568976
111
6.1863449551503970625 -7.8036243454496956318 -0.11049843292623899582
0.026180002087518607773 0.0034586370407366112158 -0.00022193109393270140663
112
6.1852439704401360743 -7.80472533015995662 -0.11049843292623899582
-0.018046335679548570347 0.0034586370407366112158 -0.00022193109393270140663
113
14.92933741553430238 12.9297364937164918075 -0.14540991395599550673
0.010495205578015229936 0.0027958881988585449277 4.3918648577820880246e-05
114
14.928857899559897504 12.9292569777420869315 -0.14540991395599550673
-0.015694321499308556966 0.0027958881988585449277 4.3918648577820880246e-05
115
29.544394452699595632 -4.7166888412680219034 -0.58380301744279916587
0.014914899434230450767 0.0031257375729174499863 -7.532640451995010599e-05
116
29.543928927807161955 -4.717154366160452028 -0.58380301744279916587
-0.013956372192325811402 0.0031257375729174499863 -7.532640451995010599e-05
117
14.544494696107316045 -31.052223962419365222 -0.88280002656255951443
0.0037110399802695879026 0.00066259169021535256356 -0.0009142553677224461283
118
14.544472229076623293 -31.052246429450054421 -0.88280002656255951443
0.002135115255113890012 0.00066259169021535256356 -0.0009142553677224461283
