9
0 39.476926408897625196
0.0 0.0 0.0
0.0 0.0 0.0
1 6.5537098095653139645e-06 0.0014751253039664285066
1.6306381826061645943e-05
0.36019833403308620934 -0.07157757063116521046 -0.038889932331457412185
0.012062683987023428416 10.539199589223686515 0.86012493216791845955
2 9.663313399581537916e-05 0.006759112363391176217
4.0453784346544178454e-05
-0.71276554591539231787 0.0894943770131735733 0.042358444034962597358
-0.96047232050779632014 -7.363179644470093107 -0.045627977257453471387
3 0.000120026935827952453094 0.010044757472678654026
4.25875607065040958e-05
0.27645830888837641393 -0.97837771886398083865 4.5542715832163949185e-05
5.9448497026859876977 1.6852493323830119935 -9.895818943662129852e-05
4 1.2739802010675941456e-05 0.007246754169100752911
2.265740805092889601e-05
-1.4965217056830220077 0.729867855162097956 0.052005223740499352536
-2.049353987860530548 -4.1577626275819368415 -0.03686191825212072444
5 0.037692251088985676735 0.3552713962079929143
0.00046732617030490929307
4.027841704615886087 -3.0231618001306270749 -0.077559557972985263
1.6231826570873460391 2.3366237981055781438 -0.046019759896080974796
6 0.011285899820091272997 0.43765160695836118215
0.00038925687730393611812
6.2788354074558432316 -7.724005035333701308 -0.11559390097316769863
1.4696075442034620881 1.282966226939726742 -0.08077393754283409384
7 0.0017236589478267730203 0.4695227539643713788
0.00016953449859497231466
14.869154031353570389 12.9936724365634095335 -0.1443982771709022006
-0.95437109658589562686 1.0170745961532793757 0.016089151184688745742
8 0.0020336100526728302319 0.78127049251990261927
0.000164587904124493665
29.55509611047864027 -4.6450138458072487424 -0.585533781429422695
0.17223467348300621534 1.1421766618084267115 -0.027457548207218328868
