4
101
2.1437140623725170485 1.8307543455088179929 -0.33710883085786358393
-2.5169991736250634084 2.6269266483088493027 0.54674712095669365287
102
3.0507953356624089025 -0.9309107058567914761 0.38209550228666327998
0.45214249601424874418 2.5995875558304815747 -1.8388641770977671949
103
-0.30288545144121659103 -3.139125526168093927 0.7252151132548391166
3.0919425994019995516 0.13633790246363267858 -0.15665049243950410883
104
-1.9314729940131600827 -1.0389307897540689396 0.26607157142831372454
2.2775049779995786108 -3.7157836040053666307 -0.16601542341215017115
