10 ! Planet input file generated using init_cond.py using JPL Horizons data for the major planets (and Pluto) for epoch 2021-01-28
1 39.476926408897625193
0.0 0.0 0.0
0.0 0.0 0.0
2 6.553709809565313959502e-06 0.0014751229680878679603
1.6306381826061645943e-05
0.1030256871817049 0.2897796042186122 0.0142290454578165
-11.740042086233977 3.834312447819755 1.3902497138650993
3 9.6633133995815373809037e-05 0.0067591276497677570562
4.0453784346544178454e-05
0.06110217931597178 -0.7245466902000399 -0.01346904334134495
7.311995450520371 0.5941125626853079 -0.4137913834645579
4 0.00012002693582795244940133 0.010044756567554867971
4.25875607065040958e-05
-0.6061796332978544 0.7761214562175627 -3.47496925510033e-05
-5.054824318940399 -3.891667462296022 0.0001972008358555219
5 1.2739802010675940622175e-05 0.0072464490746761575477
2.265740805092889601e-05
0.2751944182282239 1.519376889861282 0.02508924669876031
-4.835983592340031 1.3448550964716055 0.14681413009269897
6 0.037692251088985675999687 0.35528523591470134027
0.00046732617030490929307
3.20013535487531 -3.953498299871184 -0.05517746960976119
2.111393786386104 1.8660266390974023 -0.05498927104920874
7 0.011285899820091272946487 0.43763064535027282272
0.00038925687730393611812
5.607382154387239 -8.258649115739544 -0.07958445350697703
1.5748468612768933 1.1414574628814913 -0.0825033126704916
8 0.0017236589478267731051497 0.46909694410284686372
0.00016953449859497231466
15.2822545079529 12.53905417292343 -0.1514152417388489
-0.9198471609855067 1.0454391001033898 0.015745441522152032
9 0.0020336100526728304385693 0.78071933134573728207
0.000164587904124493665
29.47483430798945 -5.147687601125057 -0.5733452880201296
0.1919169794537526 1.1385109490430123 -0.027844342997168703
10 2.9242167710294538257026e-07 0.053834666988627116535
7.943294877391593783e-06
14.14001068477669 -31.141412045097 -0.7565711098949569
1.0733960936923237 0.23003153432240253 -0.3342452292632091
