4
9
1.7496059999633410964 2.170163391141847864 -0.2537726760879844834
-3.0064589998644978604 2.1233488530690124423 0.6210068204130407379
10
3.0772345391474851262 -0.5509101822792066283 0.11666058691376969547
-0.08868603569822111026 2.7292630488987525612 -1.882742859645719835
11
0.13917497353384339354 -3.081984978409241016 0.69426813140927812196
3.105664664763373206 0.67090307556352112164 -0.2786153399455880027
12
-1.5389664718057010084 -1.5223401530194009545 0.23276670506845731357
3.2083305098906780644 -3.027143636331455024 -0.2998683055841925141
