         10 
     6000200
  0.321794727714005       -1.39371227734394      -3.555372224179648E-002
  1.263074812292130E-002  3.554726326213714E-003  5.297001107625803E-004
     6000201
  0.327226184487893       -1.39016803345029      -3.472777857996821E-002
  1.531652992677778E-002  5.307306923696688E-003  9.381180638637231E-004
     6000202
  0.327531202012097       -1.39478453402311      -3.768059236489047E-002
  1.546735696093592E-002  3.024509922426058E-003 -5.220083559665117E-004
     6000203
  0.322202594471783       -1.39306474804903      -3.456946701305916E-002
  1.283243270995610E-002  3.874920791552106E-003  1.016400989319078E-003
     6000204
  0.323275102327213       -1.39231827262319      -4.063286630727199E-002
  1.336277331700188E-002  4.244042778378470E-003 -1.981867830972686E-003
     6000205
  0.325545380653237       -1.39090814848439      -3.352094137611809E-002
  1.448539519756952E-002  4.941330064430509E-003  1.534882714168952E-003
     6000206
  0.322100032022230       -1.38941601200018      -3.760532734717235E-002
  1.278171696789352E-002  5.679171344404378E-003 -4.847908241938090E-004
     6000207
  0.325337949472342       -1.39379280734375      -3.374182250017822E-002
  1.438282328833895E-002  3.514905332112549E-003  1.425659990227191E-003
     6000208
  0.326082121124172       -1.39530189188417      -3.547938702480286E-002
  1.475080609012429E-002  2.768683467912135E-003  5.664578686714714E-004
     6000209
  0.327275685332658       -1.39441408865592      -3.527833381550945E-002
  1.534100742400883E-002  3.207690138697890E-003  6.658759573365761E-004
     6000210
  0.327855145958387       -1.39318452150569      -3.930697139978061E-002
  1.562754285445135E-002  3.815694439606817E-003 -1.326230758891795E-003
     6000211
  0.328078710851062       -1.39251497560023      -3.504731288890989E-002
  1.573809266562045E-002  4.146775820637334E-003  7.801126762871974E-004
     6000212
  0.321277816542297       -1.39195915492794      -3.578170284173104E-002
  1.237514255024041E-002  4.421621614318133E-003  4.169667921656008E-004
     6000213
  0.324665498950826       -1.39490683098100      -3.970778222771389E-002
  1.405030561400833E-002  2.964035733299919E-003 -1.524426284193035E-003
     6000214
  0.324929781829885       -1.39405065211182      -4.042853272331495E-002
  1.418098991790633E-002  3.387404586890700E-003 -1.880827641470143E-003
     6000215
  0.327555988964697       -1.39432357646482      -3.871524764041770E-002
  1.547961377324917E-002  3.252447191181946E-003 -1.033631374975754E-003
     6000216
  0.321438220244275       -1.39139099683337      -3.554066697282077E-002
  1.245446000814854E-002  4.702568096196656E-003  5.361557644332466E-004
     6000217
  0.327269239795964       -1.39111145972877      -3.426641502936644E-002
  1.533782019342066E-002  4.840795408002274E-003  1.166256090318398E-003
     6000218
  0.323989604933645       -1.39344910147082      -4.061548100580529E-002
  1.371608517771453E-002  3.684863230669170E-003 -1.973271034886913E-003
     6000219
  0.321638711062574       -1.39087780679511      -3.541758920393877E-002
  1.255360000208438E-002  4.956333618793669E-003  5.970160540173710E-004
     6000220
  0.322548442178556       -1.38969900689356      -3.516409557966647E-002
  1.300344971633673E-002  5.539234202882858E-003  7.223652175672305E-004
     6000221
  0.326425905823290       -1.38912149826721      -3.516059934460978E-002
  1.492080296716386E-002  5.824804396075300E-003  7.240940584451341E-004
     6000222
  0.325686803560988       -1.39394570042399      -4.039235894274407E-002
  1.455532690983334E-002  3.439301774920795E-003 -1.862940196963350E-003
     6000223
  0.327419177059503       -1.39257520407836      -3.429421078579946E-002
  1.541196213929194E-002  4.116993654016758E-003  1.152511465264746E-003
     6000224
  0.324490052620445       -1.39553030085443      -3.872774571953116E-002
  1.396354978011187E-002  2.655738325987235E-003 -1.039811505806850E-003
     6000225
  0.321731345032329       -1.39031854790183      -3.853949894445081E-002
  1.259940624537157E-002  5.232879566177696E-003 -9.467260253928260E-004
     6000226
  0.325601002353804       -1.39413056037783      -3.398693779254160E-002
  1.451289937508628E-002  3.347891031734538E-003  1.304453798319087E-003
     6000227
  0.325825665573909       -1.38837078808078      -3.783072474317082E-002
  1.462399229429218E-002  6.196020414654821E-003 -5.962467834347196E-004
     6000228
  0.328007765778950       -1.39171771880483      -3.491579285982123E-002
  1.570301128843478E-002  4.541008506865058E-003  8.451475491903844E-004
     6000229
  0.326038941297358       -1.38837178473418      -3.696108906496336E-002
  1.472945425064948E-002  6.195527583046642E-003 -1.662237200565085E-004
     6000230
  0.324865697509285       -1.38818972404806      -3.707510223923227E-002
  1.414930108941243E-002  6.285554126260012E-003 -2.226016903873118E-004
     6000231
  0.326890450931510       -1.39246034816528      -3.388258567264032E-002
  1.515051423076515E-002  4.173788347277624E-003  1.356054508127195E-003
     6000232
  0.325593633813168       -1.38828971482136      -3.764909195799739E-002
  1.450925573155059E-002  6.236110043272472E-003 -5.064318314410409E-004
     6000233
  0.326626976582762       -1.39216397200456      -3.371070451979964E-002
  1.502022973415419E-002  4.320342344240131E-003  1.441047410021331E-003
     6000234
  0.327898875134393       -1.39098636673654      -3.929119504411583E-002
  1.564916633966053E-002  4.902652198234570E-003 -1.318429564711382E-003
     6000235
  0.325772175388830       -1.39276944665725      -4.081849758657961E-002
  1.459754212231259E-002  4.020943329837438E-003 -2.073659984154833E-003
     6000236
  0.325970862049605       -1.39573308065969      -3.729140206480187E-002
  1.469578998479103E-002  2.555466459007209E-003 -3.295590242806717E-004
     6000237
  0.323334466127931       -1.38903625723277      -3.899099401712434E-002
  1.339212791235488E-002  5.866954932989258E-003 -1.169984223183693E-003
     6000238
  0.321058043138336       -1.39159433514890      -3.730357920900053E-002
  1.226646757888280E-002  4.602020053452453E-003 -3.355804571435673E-004
     6000239
  0.321631711087942       -1.39236740484015      -3.509861335813708E-002
  1.255013860944605E-002  4.219747562605665E-003  7.547452891357343E-004
     6000240
  0.321306936119327       -1.39062854909901      -3.740848791004924E-002
  1.238954178664758E-002  5.079588173238877E-003 -3.874563887900095E-004
     6000241
  0.322359878582366       -1.39481226441940      -3.804012263745659E-002
  1.291020757217519E-002  3.010797617075125E-003 -6.997912057971096E-004
     6000242
  0.323817379375385       -1.38838475633633      -3.772374286905647E-002
  1.363092197200557E-002  6.189113301486290E-003 -5.433456957891204E-004
     6000243
  0.327623726544369       -1.39464240098381      -3.788413992758530E-002
  1.551310908886966E-002  3.094792785121600E-003 -6.226598686018013E-004
     6000244
  0.322826324940355       -1.38886200520861      -3.642775302359531E-002
  1.314085897803487E-002  5.953120198633154E-003  9.750372819152632E-005
     6000245
  0.322612433934003       -1.39373086883468      -3.975745217634516E-002
  1.303509277261627E-002  3.545533085870808E-003 -1.548987400995745E-003
     6000246
  0.321924589943174       -1.39047906318775      -3.905523030161998E-002
  1.269496323622005E-002  5.153506931519558E-003 -1.201748195765625E-003
     6000247
  0.325483402999438       -1.39432969787986      -3.410254622383869E-002
  1.445474808727309E-002  3.249420234359466E-003  1.247286994996116E-003
     6000248
  0.324075789932299       -1.39390925319708      -3.387081182165206E-002
  1.375870249214517E-002  3.457324434934150E-003  1.361876517960287E-003
     6000249
  0.325555351421543       -1.39061734515993      -3.362701221631959E-002
  1.449032560743936E-002  5.085128369354139E-003  1.482432120453008E-003
     6000250
  0.326533132333845       -1.39533418173792      -3.601686458585766E-002
  1.497382502421540E-002  2.752716572605950E-003  3.006824950365570E-004
     6000251
  0.328077463583129       -1.39411605620772      -3.770484336908437E-002
  1.573747590852224E-002  3.355063147389858E-003 -5.340001490527292E-004
     6000252
  0.321651628711733       -1.39378675143995      -3.597380335900138E-002
  1.255998760462024E-002  3.517899894512744E-003  3.219756884387962E-004
     6000253
  0.324493522176533       -1.38860008548191      -3.882967355197441E-002
  1.396526542860112E-002  6.082635955702965E-003 -1.090213438304715E-003
     6000254
  0.324521711140188       -1.39586389310030      -3.745606427432058E-002
  1.397920448930016E-002  2.490781479023323E-003 -4.109822564850102E-004
     6000255
  0.323857759005521       -1.39310641830337      -4.070010820644245E-002
  1.365088915215276E-002  3.854315415219456E-003 -2.015118039299293E-003
     6000256
  0.324036458712472       -1.39214287853430      -4.089940117322854E-002
  1.373925373669473E-002  4.330772779566417E-003 -2.113665711887594E-003
     6000257
  0.322090781783657       -1.39468966511415      -3.693872754859708E-002
  1.277714285021657E-002  3.071421312874804E-003 -1.551662531073200E-004
     6000258
  0.328092592928615       -1.39374096057231      -3.586344633457473E-002
  1.574495716493310E-002  3.540542858309311E-003  3.765457421963371E-004
     6000259
  0.324548049062538       -1.39233312653552      -3.331554270885758E-002
  1.399222823514643E-002  4.236697719935751E-003  1.636449572938168E-003
     6000260
  0.324887975354043       -1.39268402922437      -4.094045138727274E-002
  1.416031718188453E-002  4.063181093387097E-003 -2.133964486694073E-003
     6000261
  0.321944774836254       -1.39352845277138      -3.514035858345473E-002
  1.270494439243692E-002  3.645625087381753E-003  7.341028406686787E-004
     6000262
  0.327218902932329       -1.38903404006224      -3.771600840082730E-002
  1.531292929618219E-002  5.868051293781019E-003 -5.395211060156568E-004
     6000263
  0.325421465012036       -1.39138633273825      -4.089966505983452E-002
  1.442412059147267E-002  4.704874428056443E-003 -2.113796200239817E-003
     6000264
  0.324143614425125       -1.39411979216184      -3.398376362544507E-002
  1.379224078514325E-002  3.353215768678313E-003  1.306023380953205E-003
     6000265
  0.324251383572956       -1.39481065425279      -3.453953133960193E-002
  1.384553116897805E-002  3.011593822657939E-003  1.031203774355344E-003
     6000266
  0.323082300628443       -1.39404098553295      -3.438431714855358E-002
  1.326743548852136E-002  3.392184579203928E-003  1.107955089402535E-003
     6000267
  0.325299655987546       -1.39040136408079      -4.060268324575995E-002
  1.436388767880525E-002  5.191928087451827E-003 -1.966942715894272E-003
     6000268
  0.328389849750416       -1.39205995084950      -3.873156679977102E-002
  1.589194663687427E-002  4.371779396419775E-003 -1.041700978227703E-003
     6000269
  0.325793463819930       -1.38928905744628      -3.967831695053032E-002
  1.460806896313280E-002  5.741948651668003E-003 -1.509856103742432E-003
     6000270
  0.326601355314686       -1.39233804164542      -4.057608377821496E-002
  1.500756036413905E-002  4.234267264663880E-003 -1.953789639491635E-003
     6000271
  0.321827451960849       -1.39213071131237      -3.479524070321862E-002
  1.264692981972560E-002  4.336789306004781E-003  9.047589577125814E-004
     6000272
  0.321663381504649       -1.39142897193463      -3.917019157646589E-002
  1.256579920152172E-002  4.683789923007624E-003 -1.258594988989431E-003
     6000273
  0.324648930551282       -1.39538104296497      -3.904801998382525E-002
  1.404211276485815E-002  2.729544330582880E-003 -1.198182791282209E-003
     6000274
  0.321223963022878       -1.39253230185508      -3.603509083528145E-002
  1.234851271435078E-002  4.138208222307412E-003  2.916698615769088E-004
     6000275
  0.321349228011334       -1.39221979031449      -3.561402108543606E-002
  1.241045455438754E-002  4.292740946056133E-003  4.998831493500657E-004
     6000276
  0.324379742702741       -1.38833977818834      -3.620042042538130E-002
  1.390900301999063E-002  6.211354386424082E-003  2.099166187150847E-004
     6000277
  0.321457479810322       -1.39117525342277      -3.868176372657838E-002
  1.246398360268161E-002  4.809250290424065E-003 -1.017074033132608E-003
     6000278
  0.325405274076550       -1.39361725382059      -3.366648162894059E-002
  1.441611439318668E-002  3.601714171383542E-003  1.462915030537829E-003
     6000279
  0.321794234123648       -1.39021314640619      -3.573859188553418E-002
  1.263050404917571E-002  5.284999178073548E-003  4.382845760531595E-004
     6000280
  0.326444232064343       -1.39553980455841      -3.753707767299938E-002
  1.492986504512957E-002  2.651038873102111E-003 -4.510422847790933E-004
     6000281
  0.322277249464589       -1.39203923743843      -3.998141216047151E-002
  1.286934859267273E-002  4.382021897621130E-003 -1.659732579536102E-003
     6000282
  0.328312462659902       -1.39188336185765      -3.539912210963739E-002
  1.585367976884838E-002  4.459100260935347E-003  6.061477820066648E-004
     6000283
  0.325347229643059       -1.39100999963996      -4.082441159349795E-002
  1.438741220705580E-002  4.890966047611239E-003 -2.076584380468826E-003
     6000284
  0.325755425615411       -1.38888217640230      -3.916570950307285E-002
  1.458925958623789E-002  5.943145816580859E-003 -1.256378664407702E-003
     6000285
  0.325383104362951       -1.39054381044671      -4.065574588764872E-002
  1.440515177010779E-002  5.121490288988412E-003 -1.993181473557695E-003
     6000286
  0.325529431096013       -1.39548980174177      -3.555264887114687E-002
  1.447750835756422E-002  2.675764588624088E-003  5.302308780096619E-004
     6000287
  0.321386839414644       -1.39364212905941      -3.740484666220886E-002
  1.242905288386607E-002  3.589413702731343E-003 -3.856558410548179E-004
     6000288
  0.325609144161828       -1.39058365051225      -3.365164289696592E-002
  1.451692538887061E-002  5.101789916224030E-003  1.470252582503900E-003
     6000289
  0.325746594379357       -1.39018221747378      -3.388130434928219E-002
  1.458489265963108E-002  5.300293116209953E-003  1.356688105171851E-003
     6000290
  0.328670099790430       -1.39148012214160      -3.754968804313675E-002
  1.603052648558429E-002  4.658496838509829E-003 -4.572779420004985E-004
     6000291
  0.327050766991314       -1.39494919091028      -3.584795596588932E-002
  1.522978835080585E-002  2.943089322051995E-003  3.842055196892361E-004
     6000292
  0.324537148578145       -1.39587795189979      -3.718291882528427E-002
  1.398683809326467E-002  2.483829593105807E-003 -2.759155317796403E-004
     6000293
  0.325510509540737       -1.38957080345959      -3.425440936567027E-002
  1.446815190477895E-002  5.602629064425047E-003  1.172192728395570E-003
     6000294
  0.325364297568245       -1.39459990856101      -3.430333353770083E-002
  1.439585206486989E-002  3.115804712620871E-003  1.148000388020130E-003
     6000295
  0.323644249841663       -1.39514928477911      -3.905298580505075E-002
  1.354531176267529E-002  2.844145614251118E-003 -1.200638322614567E-003
     6000296
  0.322252155329533       -1.39173521301220      -3.994150826731383E-002
  1.285693988279573E-002  4.532357858282674E-003 -1.640000644880718E-003
     6000297
  0.326793296706268       -1.39091455480311      -4.029063745626598E-002
  1.510247278236859E-002  4.938162226599772E-003 -1.812640299750235E-003
     6000298
  0.328394129335298       -1.39145794911307      -3.861054959678920E-002
  1.589406283363007E-002  4.669461100775097E-003 -9.818596105701817E-004
     6000299
  0.325717727002889       -1.39559209734865      -3.590486599481333E-002
  1.457061813298568E-002  2.625180796653218E-003  3.560642812509859E-004
     6000300
  0.321281416206461       -1.39340867720813      -3.702359920936095E-002
  1.237692253541057E-002  3.704852481010806E-003 -1.971341397410737E-004
     6000301
  0.326826923545244       -1.39251344124293      -4.043303848440993E-002
  1.511910079875579E-002  4.147534539539541E-003 -1.883055679299622E-003
     6000302
  0.325221626988922       -1.39387263555342      -3.377034941755341E-002
  1.432530339591360E-002  3.475431363727050E-003  1.411553815991447E-003
     6000303
  0.322406645286088       -1.39162516754770      -4.006538258520391E-002
  1.293333307369588E-002  4.586773849880030E-003 -1.701254817159826E-003
     6000304
  0.327187048763822       -1.39463651865951      -3.547316576113219E-002
  1.529717784133024E-002  3.097701514809212E-003  5.695341992875920E-004
     6000305
  0.327480662501029       -1.39487649003504      -3.693682090078323E-002
  1.544236585728670E-002  2.979038920099771E-003 -1.542234415895329E-004
     6000306
  0.328551533470727       -1.39151193343580      -3.818397457052056E-002
  1.597189704651028E-002  4.642766584423178E-003 -7.709240381764704E-004
     6000307
  0.322630404860865       -1.38945264563622      -3.538899387690294E-002
  1.304397915252749E-002  5.661056507596596E-003  6.111560559036752E-004
     6000308
  0.328374974048021       -1.39213603553404      -3.876134862395392E-002
  1.588459080353605E-002  4.334156550504728E-003 -1.056427686881741E-003
     6000309
  0.324324666115425       -1.38831319086554      -3.634772132746308E-002
  1.388176839359332E-002  6.224501457414479E-003  1.370783178738140E-004
     6000310
  0.327780384205777       -1.39040540380995      -3.520423097607128E-002
  1.559057418045742E-002  5.189930496106032E-003  7.025188076919263E-004
     6000311
  0.326421010606110       -1.39541002836368      -3.608433683151303E-002
  1.491838234857564E-002  2.715211443533721E-003  2.673183834932795E-004
     6000312
  0.324795021294935       -1.39575370968382      -3.816709106533256E-002
  1.411435265874821E-002  2.545265686000613E-003 -7.625753735535234E-004
     6000313
  0.325813555169143       -1.39541693890006      -3.874684061627268E-002
  1.461800386317468E-002  2.711794276901274E-003 -1.049253673599004E-003
     6000314
  0.322857896534282       -1.38930726976145      -3.533330948140715E-002
  1.315647070358410E-002  5.732942908509505E-003  6.386912352132688E-004
     6000315
  0.326219515200231       -1.39471810186507      -3.471690125726086E-002
  1.481874559968870E-002  3.057359724732503E-003  9.434967526056666E-004
     6000316
  0.321329945274699       -1.39230542391461      -3.567221135978340E-002
  1.240091950231233E-002  4.250396290733629E-003  4.711088468913174E-004
     6000317
  0.324943199595914       -1.39100652024179      -4.085233942880207E-002
  1.418762482145983E-002  4.892686562876645E-003 -2.090394316735189E-003
     6000318
  0.326617044426315       -1.39248593326675      -4.055213917054404E-002
  1.501531841732557E-002  4.161136861160018E-003 -1.941949355335786E-003
     6000319
  0.322850100717639       -1.38930020663682      -3.535283888796843E-002
  1.315261577785102E-002  5.736435527964740E-003  6.290342082008193E-004
     6000320
  0.327167129230231       -1.39467550377465      -3.550717986735132E-002
  1.528732790178609E-002  3.078423903439586E-003  5.527146844942592E-004
     6000321
  0.326175366886518       -1.39179718675643      -3.352228413895547E-002
  1.479691485656030E-002  4.501712681218141E-003  1.534218736134025E-003
     6000322
  0.323968917553573       -1.39007740521288      -3.395618173788408E-002
  1.370585554848606E-002  5.352121359507512E-003  1.319662250746563E-003
     6000323
  0.323157023880416       -1.38871984144043      -3.622802058959314E-002
  1.330438512447146E-002  6.023418256348253E-003  1.962687113654486E-004
     6000324
  0.322467171269080       -1.39052754228481      -3.454951097363686E-002
  1.296326235244168E-002  5.129534674689875E-003  1.026268980502423E-003
     6000325
  0.328300367708115       -1.39034678218645      -3.766648081609209E-002
  1.584769897901974E-002  5.218918094875141E-003 -5.150303862311877E-004
     6000326
  0.327360300143949       -1.39032093899113      -3.953640998478093E-002
  1.538284830205775E-002  5.231697204908905E-003 -1.439685031354920E-003
     6000327
  0.326573187554760       -1.39309481142322      -4.043854310486605E-002
  1.499363178839726E-002  3.860054860233954E-003 -1.885777639553315E-003
     6000328
  0.325274808255286       -1.39252110692220      -3.334038631599733E-002
  1.435160081177285E-002  4.143743964976811E-003  1.624164745722223E-003
     6000329
  0.322448036910301       -1.39211775354247      -4.012807498610159E-002
  1.295380067120641E-002  4.343196747700902E-003 -1.732255360214964E-003
     6000330
  0.326810673793556       -1.38893153269665      -3.834409546944328E-002
  1.511106551665390E-002  5.918739797571082E-003 -8.501016538046097E-004
     6000331
  0.326775470290585       -1.38869840010547      -3.741564841183009E-002
  1.509365786127752E-002  6.034020706053717E-003 -3.909971599293355E-004
     6000332
  0.326271250871605       -1.39390875709412      -4.021126897748652E-002
  1.484432818840653E-002  3.457569751128591E-003 -1.773393662065399E-003
     6000333
  0.321666944784208       -1.39307414833960      -3.528651321326542E-002
  1.256756119499773E-002  3.870272475198349E-003  6.618313559388317E-004
     6000334
  0.325766832048710       -1.39507466523029      -3.493921370497112E-002
  1.459489991300033E-002  2.881043970394314E-003  8.335662585066534E-004
     6000335
  0.321552673105825       -1.39151724509758      -3.527455850230447E-002
  1.251105539788419E-002  4.640140039617423E-003  6.677427985786109E-004
     6000336
  0.326440517111881       -1.39496814513121      -3.518250039097470E-002
  1.492802805145723E-002  2.933716716541827E-003  7.132642876744128E-004
     6000337
  0.328149349552533       -1.39379829625323      -3.817632697865712E-002
  1.577302254667368E-002  3.512191140723280E-003 -7.671424075890959E-004
     6000338
  0.324135308775169       -1.38971487157048      -3.416375884586458E-002
  1.378813375374246E-002  5.531389335037621E-003  1.217018182548996E-003
     6000339
  0.324286880142571       -1.38901868791716      -3.482913889326955E-002
  1.386308374183996E-002  5.875642721572888E-003  8.879967618943014E-004
     6000340
  0.328695490885568       -1.39186332148561      -3.764840312220126E-002
  1.604308203819967E-002  4.469009953454875E-003 -5.060912114703549E-004
     6000341
  0.326127505166542       -1.39330528092113      -3.372351078671609E-002
  1.477324788433473E-002  3.755980544394189E-003  1.434714884496157E-003
     6000342
  0.323411133267291       -1.38892035601416      -3.885662321348482E-002
  1.343003877428764E-002  5.924266515672206E-003 -1.103539680879768E-003
     6000343
  0.323443535356482       -1.38878773000395      -3.566309895402712E-002
  1.344606116849591E-002  5.989848281256044E-003  4.756148081073266E-004
     6000344
  0.326161896812670       -1.39219123381745      -4.077210626406107E-002
  1.479025408749908E-002  4.306861747038268E-003 -2.050720103554825E-003
     6000345
  0.327496529611136       -1.39347379619798      -3.470387250659136E-002
  1.545021192830949E-002  3.672652022584027E-003  9.499392933331112E-004
     6000346
  0.326907660359911       -1.39442320185806      -3.939126722457996E-002
  1.515902406000240E-002  3.203183783680173E-003 -1.367913902440976E-003
     6000347
  0.327627930876646       -1.39427354730877      -3.562233577430311E-002
  1.551518807423184E-002  3.277185931186497E-003  4.957716483304529E-004
     6000348
  0.325119576127018       -1.39376660753008      -3.370627018966749E-002
  1.427484062701359E-002  3.527860785085645E-003  1.443240126207252E-003
     6000349
  0.321582888441476       -1.39198483014723      -3.515228871706261E-002
  1.252599647208718E-002  4.408925566155315E-003  7.282035511970817E-004
     6000350
  0.328649590429548       -1.39230144150209      -3.789609952169283E-002
  1.602038488443426E-002  4.252365539779506E-003 -6.285737258914244E-004
     6000351
  0.325091488310059       -1.39588396719579      -3.697135848001232E-002
  1.426095158198591E-002  2.480855110709554E-003 -1.713018066956808E-004
     6000352
  0.323629747250521       -1.38958719080047      -3.983511560394539E-002
  1.353814042779786E-002  5.594525746332192E-003 -1.587390913967920E-003
     6000353
  0.321678639713746       -1.38999980605140      -3.649592552125010E-002
  1.257334417924268E-002  5.390493093753963E-003  6.379335151967012E-005
     6000354
  0.321979789899611       -1.39044531600697      -3.911106486620910E-002
  1.272225886697657E-002  5.170194455300030E-003 -1.229357631657783E-003
     6000355
  0.325389900698438       -1.39279507601704      -4.088553189135913E-002
  1.440851246594727E-002  4.008269958578387E-003 -2.106807539867057E-003
     6000356
  0.325843612080240       -1.38834809342622      -3.662007773836583E-002
  1.463286659858156E-002  6.207242613925633E-003  2.401761837715437E-006
     6000357
  0.321369009956186       -1.39207775902686      -3.555942305231640E-002
  1.242023645816423E-002  4.362973493929667E-003  5.268811371797942E-004
     6000358
  0.325504520827021       -1.39403046328794      -4.038166123959698E-002
  1.446519056696509E-002  3.397387686834489E-003 -1.857650327660951E-003
     6000359
  0.321990553923499       -1.38951059135313      -3.685720838148137E-002
  1.272758153098724E-002  5.632403135476837E-003 -1.148561291719788E-004
     6000360
  0.324610041911226       -1.38980909225812      -3.401440587559276E-002
  1.402288285910944E-002  5.484798481249997E-003  1.290871203314320E-003
     6000361
  0.328509070048447       -1.39256561942476      -3.832567067658864E-002
  1.595089945937337E-002  4.121733135395790E-003 -8.409908433077421E-004
     6000362
  0.324576175323637       -1.39320821636194      -4.080080161764887E-002
  1.400613629028089E-002  3.803977654144154E-003 -2.064909567216185E-003
     6000363
  0.322653205268223       -1.39479071554500      -3.866475003855334E-002
  1.305525364512712E-002  3.021453243581057E-003 -1.008660994860108E-003
     6000364
  0.325278470241920       -1.39300006526267      -4.085198724804461E-002
  1.435341161456094E-002  3.906905553258331E-003 -2.090220168121022E-003
     6000365
  0.327882444238280       -1.39058964691285      -3.907161492253900E-002
  1.564104148409440E-002  5.098824777354270E-003 -1.209850168875113E-003
     6000366
  0.327925534924085       -1.39112239948916      -3.496856334495498E-002
  1.566234924454749E-002  4.835385844669870E-003  8.190532590849669E-004
     6000367
  0.327291588883165       -1.38906313116244      -3.674455074075982E-002
  1.534887151431583E-002  5.853666138781197E-003 -5.914845181920610E-005
     6000368
  0.326403910822977       -1.39105116007004      -3.374528293181369E-002
  1.490992673743835E-002  4.870612772465192E-003  1.423948853656114E-003
     6000369
  0.328034117962957       -1.39191633393057      -3.935146673723238E-002
  1.571604208647744E-002  4.442796017492191E-003 -1.348233100558018E-003
     6000370
  0.323887294249176       -1.39308506929055      -3.356970859695257E-002
  1.366549393007587E-002  3.864872212877050E-003  1.510767984034018E-003
     6000371
  0.324195814984085       -1.39153924083899      -4.089966051523319E-002
  1.381805325447577E-002  4.629263443433466E-003 -2.113793952996017E-003
     6000372
  0.323696388851772       -1.38910872113090      -3.494303980046445E-002
  1.357109379693476E-002  5.831122516909043E-003  8.316743061108993E-004
     6000373
  0.328595123870093       -1.39262055299375      -3.630079724885421E-002
  1.599345190855066E-002  4.094569229621872E-003  1.602816391441369E-004
     6000374
  0.326120765455020       -1.39220930951942      -3.349891101613327E-002
  1.476991518827874E-002  4.297923557253797E-003  1.545776428773127E-003
     6000375
  0.325484317791356       -1.39317547361155      -4.077391072541323E-002
  1.445520043948558E-002  3.820168500697788E-003 -2.051612385251454E-003
     6000376
  0.325938226310969       -1.39515654081679      -3.513803924942247E-002
  1.467965205409683E-002  2.840557601902009E-003  7.352497199315036E-004
     6000377
  0.321076313569735       -1.39158800158611      -3.754184390774611E-002
  1.227550205973084E-002  4.605151914460645E-003 -4.533991233011673E-004
     6000378
  0.322061849593275       -1.38999211007948      -3.550101842230587E-002
  1.276283627396840E-002  5.394298647622158E-003  5.557614356104747E-004
     6000379
  0.328448014596534       -1.39176878090750      -3.857068065062026E-002
  1.592070836541795E-002  4.515758988744939E-003 -9.621449567273610E-004
     6000380
  0.327573537859497       -1.39067587171533      -3.953481342703309E-002
  1.548829146402245E-002  5.056187780465731E-003 -1.438895555174500E-003
     6000381
  0.325341975557433       -1.39322163371681      -4.078006057193613E-002
  1.438481413288207E-002  3.797342953904623E-003 -2.054653401055379E-003
     6000382
  0.326945407039128       -1.39080439717213      -3.413440781683218E-002
  1.517768928158405E-002  4.992633682997575E-003  1.231531868836375E-003
     6000383
  0.326864905896984       -1.38950094451344      -3.503286762493725E-002
  1.513788255720786E-002  5.637173367032906E-003  7.872556636559166E-004
     6000384
  0.321872038730314       -1.39444412969432      -3.725713409567794E-002
  1.266897737328358E-002  3.192835252123807E-003 -3.126139777195664E-004
     6000385
  0.325656830678744       -1.38929012479731      -3.972454209455978E-002
  1.454050572555626E-002  5.741420861043140E-003 -1.532713811330532E-003
     6000386
  0.321381796697484       -1.39297273615133      -3.582742182750125E-002
  1.242655932853529E-002  3.920419428636525E-003  3.943593729806181E-004
     6000387
  0.325031722246969       -1.38871352884892      -3.520767103604314E-002
  1.423139807333841E-002  6.026539747343834E-003  7.008177446325606E-004
     6000388
  0.321818492658012       -1.39053648944325      -3.893028585473215E-002
  1.264249956582932E-002  5.125110426032039E-003 -1.139964859192371E-003
     6000389
  0.328229706719982       -1.39063530392342      -3.842585640223736E-002
  1.581275807751381E-002  5.076248004065306E-003 -8.905313275931080E-004
     6000390
  0.327031282654416       -1.39046595458131      -3.436136073991577E-002
  1.522015361013151E-002  5.159988959845626E-003  1.119306722521987E-003
     6000391
  0.326576412217448       -1.39384168926042      -3.418873736070407E-002
  1.499522634041712E-002  3.490733886441843E-003  1.204666645302896E-003
     6000392
  0.322057300552805       -1.39399573472489      -3.539654307306134E-002
  1.276058683507447E-002  3.414560490852700E-003  6.074230806596391E-004
     6000393
  0.327117831128816       -1.39014808504543      -3.464203976347065E-002
  1.526295065839501E-002  5.317171139694695E-003  9.805147472618755E-004
     6000394
  0.323831937101924       -1.38978966102672      -4.008662335125708E-002
  1.363812057058993E-002  5.494406961976909E-003 -1.711758088260099E-003
     6000395
  0.323291350089045       -1.39111881770597      -4.052780949033966E-002
  1.337080761514683E-002  4.837156987941165E-003 -1.929918658028077E-003
     6000396
  0.322050969058998       -1.39140096523577      -3.967628168503533E-002
  1.275745599714884E-002  4.697638856237326E-003 -1.508849692523487E-003
     6000397
  0.322065436123730       -1.39461505964254      -3.660470991700977E-002
  1.276460976469764E-002  3.108312708032919E-003  1.000094133619592E-005
     6000398
  0.325123972979440       -1.39448560316462      -4.010971214210824E-002
  1.427701481097967E-002  3.172327182835760E-003 -1.723175182590891E-003
     6000399
  0.327666613656848       -1.39046306711613      -3.928421544112214E-002
  1.553431618507078E-002  5.161416772263869E-003 -1.314978245571975E-003
