1024 0
0.99 6.0
3.942906710827222e-08 2.047922404237488e-14
316.11914785067427
312.53451955469916
308.99555529758914
305.50160965220937
302.05204721214386
298.6462424222119
295.2835794120889
291.96345183296074
288.68526269716534
285.44842422074913
282.2523576688966
279.0964932041579
275.98026973744
272.90313478168963
269.86454430823153
266.8639626056926
263.90086214148215
260.97472342575827
258.0850348778503
255.23129269507368
252.4130007239062
249.6296703334648
246.88082029125488
244.16597664113098
241.4846725834433
238.83644835731508
236.22085112501495
233.63743485838737
231.08576022729642
228.56539449004765
226.07591138574628
223.61689102856408
221.1879198038657
218.7885902661718
216.41850103891383
214.0772567159548
211.76446776483485
209.47975043171888
207.2227266480004
204.99302393854725
202.79027533154206
200.61411926989962
198.46419952422437
196.34016510728344
194.24167018996258
192.16837401868392
190.1199408342485
188.09603979208958
186.09634488389642
184.1205348605968
182.16829315666138
180.23930781571474
178.33327141742015
176.44988100562495
174.5888380177309
172.74984821527997
170.93262161572056
169.13687242534408
167.36231897336015
165.60868364709853
163.8756928283087
162.16307683054578
160.47056983761348
158.79790984305453
157.1448385906604
155.51110151598996
153.89644768887072
152.3006297568736
150.72340388973387
149.1645297247115
147.6237703128632
146.1008920662203
144.5956647058461
143.10786121076674
141.63725776774953
140.18363372192414
138.74677152822122
137.32645670362308
135.92247778020513
134.5346262589569
133.16269656436853
131.8064859997695
130.4657947034048
129.1404256052352
127.83018438445245
126.53487942769114
125.25432178793002
123.98832514406665
122.73670576115677
121.49928245130309
120.27587653518661
119.06631180422362
117.87041448334344
116.6880131943699
115.51893892000179
114.36302496837614
113.22010693821052
112.09002268450632
110.9726122848122
109.86771800602945
108.77518427175681
107.69485763015969
106.62658672235972
105.57022225133102
104.52561695129866
103.4926255576265
102.47110477719
101.46091325922161
100.46191156662482
99.47396214774443
98.49692930858956
97.53067918549712
96.57507971823314
95.63000062351894
94.69531336898072
93.77089114750986
92.85660885203134
91.95234305067002
91.05797196231077
90.17337543254295
89.29843490998569
88.4330334229844
87.57705555667566
86.73038743041079
85.89291667553428
85.06453241351049
84.24512523439331
83.4345871756315
82.632811701205
81.83969368108735
81.05512937102803
80.27901639264874
79.51125371384903
78.75174162951681
78.00038174253741
77.25707694509694
76.521731400274
75.79425052391748
75.07454096680189
74.36251059705987
73.65806848288298
72.96112487549061
72.27159119235839
71.58938000070557
70.91440500123419
70.24658101211803
69.58582395323519
68.93205083064284
68.2851797212871
67.64512975794732
67.0118211144081
66.38517499085785
65.76511359950771
65.15156015042989
64.54443883760887
63.94367482520535
63.34919423402577
62.76092412819809
62.17879250204627
61.602728267164416
61.032661239683314
60.468522127730196
59.91024251907474
59.357754868961884
58.81099248812526
58.26988953098135
57.73438098399852
57.20440265424062
56.679891158080515
56.160783910082486
55.647019112048596
55.13853574222919
54.6352735446922
54.137173018850724
53.644175409144964
53.15622269487746
52.67325758019758
52.19522348423414
51.72206453137322
51.25372554167947
50.7901520214576
50.33129015395258
49.87708679018646
49.42748943992942
48.98244626280266
48.54190605951123
48.10581826320537
47.6741329309674
47.24680073542289
46.823772956473206
46.40500147314923
45.9904387555827
45.580037857094126
45.173752406394925
44.771536599903364
44.37334519417034
43.97913349841554
43.58885736717039
43.202473193027814
42.819937899495464
42.44120893395241
42.06624426070624
41.69500235415068
41.32744219201993
40.963523248740906
40.60320548887939
40.24644936068056
39.89321578970088
39.54346617253171
39.19716237061101
38.85426670412426
38.51474194599081
38.17855131593668
37.845658474650264
37.5160275180217
37.189622971462796
36.866409784308054
36.546353324293804
36.229419372116055
35.91557411606404
35.604784146729955
35.297016451792665
34.99223841087448
34.690417790470306
34.39152273894779
34.09552178161717
33.80238381587003
33.51207810638602
33.22457428040659
32.939842323074046
32.65785257283577
32.37857571691224
32.10198278682812
31.828045154005004
31.556734525415397
31.288022939296795
31.02188276092513
30.75828667844642
30.497207698765806
30.2386191434935
29.982494644946524
29.72880814220516
29.477533877223724
29.22864639099468
28.982120519765513
28.737931391307082
28.49605442123307
28.256465309370085
28.01914003617669
27.784054859211892
27.551186309651182
27.32051118885046
27.092006564956126
26.86564976956184
26.64141839440991
26.419290288138114
26.199243553069795
25.981256542048126
25.76530785531237
25.551376337416997
25.339441074191704
25.129481389742896
24.92147684349507
24.715407227272305
24.511252562418555
24.30899309695703
24.10860930278708
23.91008187291913
23.713391718746077
23.518519967351562
23.32544795885386
23.134157243785214
22.944629580506163
22.756846932654234
22.570791466626474
22.386445549095274
22.20379174455744
22.022812812915504
21.8434917070911
21.665811570669796
21.489755735577155
21.315307719785448
21.142451225050547
20.97117013467844
20.801448511321443
20.633270594803214
20.46662079997223
20.301483714583483
20.137844097207935
19.975686875169373
19.81499714250813
19.655760157971383
19.4979613430298
19.341586279919984
19.18662070971237
19.033050530404136
18.880861795037248
18.73004070984048
18.58057363239597
18.43244706982911
18.28564767702225
18.14016225485114
17.99597774844452
17.853081245465702
17.711459974416897
17.571101302964717
17.431992736287867
17.29412191544548
17.157476615766907
17.022044745261777
16.887814343050717
16.754773577815882
16.622910746271636
16.492214271654408
16.362672702232143
16.234274709832523
16.10700908839014
15.980864752511927
15.85583073606107
15.73189619075866
15.609050384803414
15.487282701508457
15.366582637955805
15.246939803667631
15.128343919294267
15.010784815318974
14.894252430778971
14.778736812002554
14.664228111362036
14.550716586042565
14.438192596826298
14.326646606891858
14.216069180628795
14.106450982467
13.997782775720728
13.890055421447089
13.783259877318697
13.677387196510555
13.57242852660077
13.468375108484919
13.365218275303869
13.26294945138509
13.161560151197047
13.061041978316515
12.961386624408734
12.862585868220199
12.764631574584016
12.667515693437325
12.57123025885105
12.47576738807162
12.381119280574287
12.287278217128495
12.194236558874286
12.101986746410438
12.010521298893638
11.91983281314869
11.829913962789671
11.740757497351861
11.652356241434285
11.564703093852724
11.477791026803095
11.391613085034953
11.306162385035199
11.221432114221654
11.137415530146459
11.054105959709108
10.971496798379137
10.88958150942816
10.808353623171293
10.727806736217609
10.647934510729863
10.568730673693047
10.490189016191817
10.412303392696542
10.33506772035812
10.258475978311191
10.18252220698574
10.10720050742694
10.032505040623251
9.958430026842557
9.884969744976173
9.812118531890818
9.739870781788262
9.668220945572715
9.597163530225695
9.526693098188337
9.456804266751154
9.387491707451037
9.31875014547537
9.25057435907328
9.182959178973883
9.115899487811426
9.049390219557248
8.983426358958432
8.918002940983135
8.853115050272528
8.788757820599091
8.72492643433138
8.66161612190509
8.598822161300376
8.536539877525275
8.474764642105205
8.413491872578524
8.352717031997944
8.29243562843785
8.2326432145073
8.173335386868839
8.114507785762864
8.056156094537593
7.998276039184451
7.940863387878957
7.883913950526942
7.827423578316012
7.771388163272271
7.715803637822134
7.660665974359315
7.605971184816817
7.5517153202438045
7.49789447038748
7.444504763279704
7.391542364828514
7.33900347841424
7.286884344490346
7.235181240188836
7.183890478930283
7.13300841003826
7.082531418358204
7.0324559238807565
6.9827783813693305
6.933495279991979
6.884603142957495
6.8360985271556505
6.7879780228016005
6.740238253084295
6.692875873818913
6.645887573103306
6.599270070978331
6.553020119092036
6.507134500367659
6.461610028675466
6.416443548508246
6.371631934660543
6.3271720919114465
6.283060954711069
6.239295486870533
6.19587268125545
6.152789559482856
6.110043171621609
6.067630595896153
6.025548938393597
5.983795332774096
5.94236693998451
5.901260947975302
5.860474571420546
5.8200050514411314
5.779849655331058
5.740005676286803
5.700470433139712
5.661241270091353
5.622315556451881
5.5836906863813
5.54536407863359
5.507333176303728
5.469595446577464
5.432148380483949
5.3949894926510895
0.0
0.0
0.0
0.0
0.0
0.0
0.0
0.0
0.0
0.0
0.0
0.0
0.0
0.0
0.0
0.0
0.0
0.0
0.0
0.0
0.0
0.0
0.0
0.0
0.0
0.0
0.0
0.0
0.0
0.0
0.0
0.0
0.0
0.0
0.0
0.0
0.0
0.0
0.0
0.0
0.0
0.0
0.0
0.0
0.0
0.0
0.0
0.0
0.0
0.0
0.0
0.0
0.0
0.0
0.0
0.0
0.0
0.0
0.0
0.0
0.0
0.0
0.0
0.0
0.0
0.0
0.0
0.0
0.0
0.0
0.0
0.0
0.0
0.0
0.0
0.0
0.0
0.0
0.0
0.0
0.0
0.0
0.0
0.0
0.0
0.0
0.0
0.0
0.0
0.0
0.0
0.0
0.0
0.0
0.0
0.0
0.0
0.0
0.0
0.0
0.0
0.0
0.0
0.0
0.0
0.0
0.0
0.0
0.0
0.0
0.0
0.0
0.0
0.0
0.0
0.0
0.0
0.0
0.0
0.0
0.0
0.0
0.0
0.0
0.0
0.0
0.0
0.0
0.0
0.0
0.0
0.0
0.0
0.0
0.0
0.0
0.0
0.0
0.0
0.0
0.0
0.0
0.0
0.0
0.0
0.0
0.0
0.0
0.0
0.0
0.0
0.0
0.0
0.0
0.0
0.0
0.0
0.0
0.0
0.0
0.0
0.0
0.0
0.0
0.0
0.0
0.0
0.0
0.0
0.0
0.0
0.0
0.0
0.0
0.0
0.0
0.0
0.0
0.0
0.0
0.0
0.0
0.0
0.0
0.0
0.0
0.0
0.0
0.0
0.0
0.0
0.0
0.0
0.0
0.0
0.0
0.0
0.0
0.0
0.0
0.0
0.0
0.0
0.0
0.0
0.0
0.0
0.0
0.0
0.0
0.0
0.0
0.0
0.0
0.0
0.0
0.0
0.0
0.0
0.0
0.0
0.0
0.0
0.0
0.0
0.0
0.0
0.0
0.0
0.0
0.0
0.0
0.0
0.0
0.0
0.0
0.0
0.0
0.0
0.0
0.0
0.0
0.0
0.0
0.0
0.0
0.0
0.0
0.0
0.0
0.0
0.0
0.0
0.0
0.0
0.0
0.0
0.0
0.0
0.0
0.0
0.0
0.0
0.0
0.0
0.0
0.0
0.0
0.0
0.0
0.0
0.0
0.0
0.0
0.0
0.0
0.0
0.0
0.0
0.0
0.0
0.0
0.0
0.0
0.0
0.0
0.0
0.0
0.0
0.0
0.0
0.0
0.0
0.0
0.0
0.0
0.0
0.0
0.0
0.0
0.0
0.0
0.0
0.0
0.0
0.0
0.0
0.0
0.0
0.0
0.0
0.0
0.0
0.0
0.0
0.0
0.0
0.0
0.0
0.0
0.0
0.0
0.0
0.0
0.0
0.0
0.0
0.0
0.0
0.0
0.0
0.0
0.0
0.0
0.0
0.0
0.0
0.0
0.0
0.0
0.0
0.0
0.0
0.0
0.0
0.0
0.0
0.0
0.0
0.0
0.0
0.0
0.0
0.0
0.0
0.0
0.0
0.0
0.0
0.0
0.0
0.0
0.0
0.0
0.0
0.0
0.0
0.0
0.0
0.0
0.0
0.0
0.0
0.0
0.0
0.0
0.0
0.0
0.0
0.0
0.0
0.0
0.0
0.0
0.0
0.0
0.0
0.0
0.0
0.0
0.0
0.0
0.0
0.0
0.0
0.0
0.0
0.0
0.0
0.0
0.0
0.0
0.0
0.0
0.0
0.0
0.0
0.0
0.0
0.0
0.0
0.0
0.0
0.0
0.0
0.0
0.0
0.0
0.0
0.0
0.0
0.0
0.0
0.0
0.0
0.0
0.0
0.0
0.0
0.0
0.0
0.0
0.0
0.0
0.0
0.0
0.0
0.0
0.0
0.0
0.0
0.0
0.0
0.0
0.0
0.0
0.0
0.0
0.0
0.0
0.0
0.0
0.0
0.0
0.0
0.0
0.0
0.0
0.0
0.0
0.0
0.0
0.0
0.0
0.0
0.0
0.0
0.0
0.0
0.0
0.0
0.0
0.0
0.0
0.0
0.0
0.0
0.0
0.0
0.0
0.0
0.0
0.0
0.0
0.0
0.0
0.0
0.0
0.0
0.0
0.0
0.0
0.0
0.0
0.0
0.0
0.0
0.0
0.0
0.0
0.0
0.0
0.0
0.0
0.0
0.0
0.0
0.0
0.0
0.0
0.0
0.0
0.0
0.0
0.0
0.0
0.0
0.0
0.0
0.0
0.0
0.0
0.0
0.0
0.0
0.0
0.0
0.0
0.0
0.0
0.0
0.0
0.0
0.0
0.0
0.0
0.0
0.0
0.0
0.0
0.0
0.0
0.0
0.0
0.0
0.0
0.0
0.0
0.0
0.0
0.0
0.0
0.0
0.0
0.0
0.0
0.0
0.0
