9
0 0.00029591220819207774
0.0 0.0 0.0
0.0 0.0 0.0
1 4.9125474498983623693e-11 0.0014751310862809727629
1.6306381826061645943e-05
0.3145650549772632254 -0.2555573396958932264 -0.04973776595957409008
0.012185837286798669593 0.023148338651330341298 0.0007738432831418731988
2 7.243452483873646905e-10 0.006759109593536554028
4.0453784346544178454e-05
0.387431535393453097 -0.615766685385218282 -0.030807691817795201245
0.016984136843969918629 0.010701026081884959518 -0.00083320727407271925197
3 8.9970113821660187435e-10 0.010044870735102664462
4.25875607065040958e-05
1.0001792791661539006 0.06668748161964906107 -6.9475367832576531254e-06
-0.0014241429939451050266 0.01710181935138167103 -8.172724609833309663e-07
4 9.549535102761465607e-11 0.0072464333631564068194
2.265740805092889601e-05
-1.6139182001611360739 -0.2770999554367851725 0.033781809741611629194
0.0028882147021094439938 -0.01259648691593238945 -0.00033483851552870507427
5 2.825345908631354893e-07 0.3552700143333522151
0.00046732617030490929307
4.3561675102222698897 -2.483239946173660062 -0.0871477099729481286
0.0036506744364301680662 0.006918211883976329267 -0.00011041076017508120262
6 8.459715183006415395e-08 0.4376659280804963441
0.00038925687730393611812
6.598405456116825718 -7.431912424938192707 -0.13338632598447389133
0.0038655905358352319993 0.0036985431667748399145 -0.00021809450985937309415
7 1.2920249163736673626e-08 0.4697589307107089155
0.00016953449859497231466
14.6556082971347603205 13.217600500105490369 -0.14081174740381419141
-0.0026597608840880260402 0.0027443623966001309648 4.4507838529215151932e-05
8 1.5243589003230834323e-08 0.78153946280858775143
0.000164587904124493665
29.592188021966471467 -4.391525979010755698 -0.5916011673528802639
0.0004442402958062029259 0.0031318140342659721298 -7.463341927949002162e-05
