16
101
-0.30947664140174180325 0.16192347328838543885 0.041620272188990829754
-0.01621725604493672035 -0.023743802865467341506 -0.00021385162925667799668
102
-0.30952276281440505024 0.16187735187572213635 0.041620272188990829754
-0.021424354988955021661 -0.023743802865467341506 -0.00021385162925667799668
103
-0.55665652353468386693 -0.46068452244605162527 0.02580196630219121906
0.019100355212014374223 -0.015678149412530151263 -0.0009510907726656827677
104
-0.5567709441156283301 -0.4607989430269959774 0.02580196630219121906
0.0064058878013235863447 -0.015678149412530151263 -0.0009510907726656827677
105
0.6979392465946233637 -0.7360158052852626698 3.261671020506711323e-05
0.019099571043071944532 0.0117727888369263504476 -6.0385404652521189453e-07
106
0.6978187907827443359 -0.73613626109714169754 3.261671020506711323e-05
0.005310690574524194567 0.0117727888369263504476 -6.0385404652521189453e-07
107
-1.6176294307533440886 0.38317575049123231423 0.04771055403546069218
0.00037580012182093606998 -0.012421968497550240837 -0.00019400613558421780209
108
-1.6176935155808518374 0.38311166566372467646 0.04771055403546069218
-0.005783158074626849887 -0.012421968497550240837 -0.00019400613558421780209
109
4.1534063578978459574 -2.834088304936593694 -0.081136554176388195336
0.041050613953966016978 0.0065946899141205552256 -0.00012065009272080269359
110
4.152084559881651593 -2.8354101029527880584 -0.081136554176388195336
-0.032713820449328842588 0.0065946899141205552256 -0.00012065009272080269359
111
6.395266446455758924 -7.620612254932671803 -0.121992225877669294154
0.026081181967058334609 0.0035798698934692090544 -0.00022010758050265331019
112
6.394165461745497936 -7.621713239642932791 -0.121992225877669294154
-0.01814515580000884351 0.0035798698934692090544 -0.00022010758050265331019
113
14.793375114914683266 13.074458101351583039 -0.14311846037737518955
0.0104650340723796142495 0.0027702756265410048361 4.4212949669357180555e-05
114
14.79289559894027839 13.073978585377178163 -0.14311846037737518955
-0.015724493004944172653 0.0027702756265410048361 4.4212949669357180555e-05
115
29.568862657342247502 -4.5540701367497931074 -0.58771107137394917874
0.0148974462162825404404 0.0031288137434451902125 -7.498349850432879627e-05
116
29.568397132449813824 -4.554535661642223232 -0.58771107137394917874
-0.013973825410273721728 0.0031288137434451902125 -7.498349850432879627e-05
