 9 ! Solar system. Taken from JPL Horizons on 10-31-2012 00:00 (JD 2456231.5)
 1 2.9591220828563E-04
 .0 .0 .0
 .0 .0 .0                          
 2 4.912576812862670E-11 1.475E-03 ! Mercury / Mass (Msun) / Rhill (AU)
   1.63104E-05                     ! Radius (AU)
   3.347381871776144E-01 -2.106110537919978E-01 -4.792146121659843E-02
   9.457239437449661E-03  2.510612575783642E-02  1.183593414707043E-03
 3 7.243495778974390E-10 6.758E-03 ! Venus
   4.04538E-05
  -4.641166544325086E-01  5.473160240817795E-01  3.428518329144122E-02
  -1.549753193570599E-02 -1.319081534035637E-02  7.136685719563098E-04
 4 8.997065158526820E-10 1.004E-02 ! Earth + Moon
   4.2587571E-05
   7.844742229036105E-01  6.083466458892074E-01 -1.996912082982283E-05
  -1.081828010368904E-02  1.352675083743791E-02  2.330162751015549E-07
 5 9.549592181631700E-11 7.246E-03 ! Mars
   2.26601E-05
   3.248808297463504E-01 -1.392041319192106E+00 -3.714224198825128E-02
   1.415678377567019E-02  4.380992498628390E-03 -2.558013868476858E-04
 6 2.825362796108150E-07 0.3553    ! Jupiter
   4.67326E-04
   1.873343037544675E+00  4.683322528183729E+00 -6.137078942429344E-02
  -7.104028854569467E-03  3.164193073442964E-03  1.458211211387848E-04
 7 8.459765747874750E-08 0.4356    ! Saturn
   3.89257E-04
  -8.251865479985982E+00 -5.225008639958182E+00  4.193935221241906E-01
   2.677374423933877E-03 -4.723961471952217E-03 -2.458643348128228E-05
 8 1.292032638982330E-08 0.4686   ! Uranus
   1.69534E-04
   1.992234896320000E+01  2.342619564376139E+00 -2.493547557095487E-01
  -4.936420700174518E-04  3.724868172847281E-03  2.027439791557233E-05
 9 1.524368011623570E-08 0.7757   ! Neptune
   1.64601E-04
   2.647158936403647E+01 -1.409652133490650E+01 -3.196444184043846E-01
   1.449117851099529E-03  2.791630281764020E-03 -9.063088654405710E-05
