156
5 0.037692251088985676735 0.35527124629249231394
0.00046732617030490929307
5.2035240151214816606 0.048518677336151047608 1.303568872392780964
100.51672855018520636 273.38350380059858935 317.24733983021741324
0.0 0.0 0.27560000000000001164
-80.96882015576837074 -2387.9972166758053216 5008.7356633679251408
6 0.011285899820091272997 0.4376627522796287038
0.00038925687730393611812
9.581843040035108672 0.052193289679895830957 2.486259885154824989
113.5952699440524043 335.70375572759667193 225.29914557362599226
0.0 0.0 0.22000000000000000111
441.93102714484842597 378.52937229654824397 5135.9113502360652523
100 1.1053539394491336042e-05 0.0019732836328632223935
2.3653347588909066005e-05
0.43502136638549865344 0.008871327710710443654 0.2428654711893785123
47.053387744204002274 14.406329603656221394 359.4640728272493675
0.4000000000000000222 0.4000000000000000222 0.4000000000000000222
0.0 0.0 0.0
101 1.1053539394491336042e-05 0.0049532834874371645638
2.3653347588909066005e-05
1.0919789304049842826 0.007501755883620095204 0.2640232657902865654
284.36193305727704228 252.05844223035273899 112.54677325222675677
0.4000000000000000222 0.4000000000000000222 0.4000000000000000222
0.0 0.0 0.0
102 1.1053539394491336042e-05 0.0023155962587743718734
2.3653347588909066005e-05
0.5104860911594045758 0.0058737112041139499102 0.16765186113359145659
56.483270865883653755 45.517340202780296465 327.1303806412708468
0.4000000000000000222 0.4000000000000000222 0.4000000000000000222
0.0 0.0 0.0
103 1.1053539394491336042e-05 0.0018825498231748120154
2.3653347588909066005e-05
0.41501859272911267862 0.0070747862138410277932 0.01720763737658779352
251.18670508288687415 15.427106537082702076 170.69197512049595389
0.4000000000000000222 0.4000000000000000222 0.4000000000000000222
0.0 0.0 0.0
104 1.1053539394491336042e-05 0.0033337571583448534337
2.3653347588909066005e-05
0.7349453317647516304 0.0029963854733957872613 0.10970260540469287114
98.5494752567603598 130.35014043832788388 337.58056985784941162
0.4000000000000000222 0.4000000000000000222 0.4000000000000000222
0.0 0.0 0.0
105 1.1053539394491336042e-05 0.008795834503153893369
2.3653347588909066005e-05
1.9390907015788056977 0.0012741523941344956236 0.010911034426664707048
298.15426483055745166 32.78576113585273788 109.887067932276508486
0.4000000000000000222 0.4000000000000000222 0.4000000000000000222
0.0 0.0 0.0
106 1.1053539394491336042e-05 0.005408786796956857873
2.3653347588909066005e-05
1.1923971717567629636 0.0022518300946687695892 0.19853678200837179824
131.9236206868740453 310.75745649185637376 306.98842585095837876
0.4000000000000000222 0.4000000000000000222 0.4000000000000000222
0.0 0.0 0.0
107 1.1053539394491336042e-05 0.0052900021486682963758
2.3653347588909066005e-05
1.1662104345115285042 0.00083783270082214873764 0.18629960376756465879
218.78228483737586885 270.33175151924604052 264.54399230996494907
0.4000000000000000222 0.4000000000000000222 0.4000000000000000222
0.0 0.0 0.0
108 1.1053539394491336042e-05 0.005684376034177863618
2.3653347588909066005e-05
1.253152353901087368 0.0007069875931491276461 0.23465278556692670264
342.6335280838893027 254.64894760956880759 77.84259390375734711
0.4000000000000000222 0.4000000000000000222 0.4000000000000000222
0.0 0.0 0.0
109 1.1053539394491336042e-05 0.008201688668306261918
2.3653347588909066005e-05
1.8081079433968829662 0.0033081220610986085233 0.14466177546828071221
358.97809256862575467 113.299060597463892464 200.59141181394690534
0.4000000000000000222 0.4000000000000000222 0.4000000000000000222
0.0 0.0 0.0
110 1.1053539394491336042e-05 0.0016788909722194752916
2.3653347588909066005e-05
0.370120864828466678 0.0082539448889885364685 0.27798177679994046096
226.15088888509194476 11.39560645939257455 50.8180749666096645
0.4000000000000000222 0.4000000000000000222 0.4000000000000000222
0.0 0.0 0.0
111 1.1053539394491336042e-05 0.008770976411317608917
2.3653347588909066005e-05
1.9336105967949506201 0.0006447945028240875632 0.27438979741522551148
189.0793641806820915 23.523679500224474737 102.07122936399638036
0.4000000000000000222 0.4000000000000000222 0.4000000000000000222
0.0 0.0 0.0
112 1.1053539394491336042e-05 0.0042101494072623047774
2.3653347588909066005e-05
0.92815088380216415054 0.0019177953281208971227 0.22809386141818746574
151.17030676344273843 234.00560520770883954 212.39233269551132821
0.4000000000000000222 0.4000000000000000222 0.4000000000000000222
0.0 0.0 0.0
113 1.1053539394491336042e-05 0.003003124820003942183
2.3653347588909066005e-05
0.66205559143502712427 0.008115467146437006091 0.11626098742369832262
14.884811678609910501 182.55491943414659772 75.48372622552825817
0.4000000000000000222 0.4000000000000000222 0.4000000000000000222
0.0 0.0 0.0
114 1.1053539394491334998e-06 0.0036527873426566770522
1.0978911404624207108e-05
1.7349173774140433935 0.00020007833087037573913 0.18206915720218322385
43.807694741505500247 252.39602583166703198 345.69306322252327845
0.4000000000000000222 0.4000000000000000222 0.4000000000000000222
0.0 0.0 0.0
115 1.1053539394491334998e-06 0.00089180183071648115653
1.0978911404624207108e-05
0.42356763429715504898 0.004867970002843258724 0.18802221307378433335
359.1003216670866891 267.07026663472817063 46.3972947791199104
0.4000000000000000222 0.4000000000000000222 0.4000000000000000222
0.0 0.0 0.0
116 1.1053539394491334998e-06 0.0017768447055193344444
1.0978911404624207108e-05
0.8439250543201881616 0.0065735355868386611405 0.107858482537747255026
135.09881195763611572 328.07167085065367473 195.43605524467710666
0.4000000000000000222 0.4000000000000000222 0.4000000000000000222
0.0 0.0 0.0
117 1.1053539394491334998e-06 0.0040561956135777257037
1.0978911404624207108e-05
1.9265190102932396865 0.008517929917508331936 0.22775022460549110281
9.847303718917377324 359.28530139282679556 242.89167921081153168
0.4000000000000000222 0.4000000000000000222 0.4000000000000000222
0.0 0.0 0.0
118 1.1053539394491334998e-06 0.0017251483478400507192
1.0978911404624207108e-05
0.81937150086268784044 0.0047693282188471962033 0.06314641026311473837
353.36962073333063472 340.7800387007118843 160.31396438022616735
0.4000000000000000222 0.4000000000000000222 0.4000000000000000222
0.0 0.0 0.0
119 1.1053539394491334998e-06 0.0031796251842390144356
1.0978911404624207108e-05
1.510185638616323045 0.0059829576513462648032 0.16376405362776627617
93.49448681695453445 137.43976197972261843 152.51085646144724706
0.4000000000000000222 0.4000000000000000222 0.4000000000000000222
0.0 0.0 0.0
120 1.1053539394491334998e-06 0.0017633596265140164348
1.0978911404624207108e-05
0.83752021995468362014 0.0056773192002094966663 0.15420202644403344094
112.036109026245028986 159.32677706053513589 199.19243569401677973
0.4000000000000000222 0.4000000000000000222 0.4000000000000000222
0.0 0.0 0.0
121 1.1053539394491334998e-06 0.0041042584266954005662
1.0978911404624207108e-05
1.9493467858693047656 0.0058323444593222717805 0.2450867760360646852
191.75408862501436147 86.49706522035162948 325.735759579805233
0.4000000000000000222 0.4000000000000000222 0.4000000000000000222
0.0 0.0 0.0
122 1.1053539394491334998e-06 0.002546496783735733264
1.0978911404624207108e-05
1.209476793253150495 0.0007203447518149086546 0.25064267354421421174
143.86532033167813438 30.894666857493980672 51.922001062180726194
0.4000000000000000222 0.4000000000000000222 0.4000000000000000222
0.0 0.0 0.0
123 1.1053539394491334998e-06 0.0020506608485301339476
1.0978911404624207108e-05
0.9739759826012803767 0.0052287353782703750726 0.2664523549465922514
202.29243581532310259 164.49024899603261929 314.68630304866280767
0.4000000000000000222 0.4000000000000000222 0.4000000000000000222
0.0 0.0 0.0
124 1.1053539394491334998e-06 0.0037519206583856621228
1.0978911404624207108e-05
1.78200145212335892 0.00063416616864802374115 0.14682433373075048921
157.12147879660923877 181.38988453918568666 60.852713979097373453
0.4000000000000000222 0.4000000000000000222 0.4000000000000000222
0.0 0.0 0.0
125 1.1053539394491334998e-06 0.0013854882328339217993
1.0978911404624207108e-05
0.6580475088916688531 0.00024980909477879454685 0.24095162491344623845
289.6244562231350983 1.7289743336360618997 195.26812437954018264
0.4000000000000000222 0.4000000000000000222 0.4000000000000000222
0.0 0.0 0.0
126 1.1053539394491334998e-06 0.00074362536737721785264
1.0978911404624207108e-05
0.3531901671588483782 0.00886310773980225966 0.20242474972740423511
58.75448092520607446 130.30998499277782798 246.92239588072837364
0.4000000000000000222 0.4000000000000000222 0.4000000000000000222
0.0 0.0 0.0
127 1.1053539394491334998e-06 0.003601317174857207253
1.0978911404624207108e-05
1.71047125445174375 0.009558224994044423745 0.08649826818433410669
224.08522313291766181 239.19436986070064677 185.39235361492612242
0.4000000000000000222 0.4000000000000000222 0.4000000000000000222
0.0 0.0 0.0
128 1.1053539394491334998e-06 0.0032145494492909748175
1.0978911404624207108e-05
1.5267731671659572346 0.00445012496768810821 0.25388797399626356066
99.47453052283421471 328.10504733577448633 71.666792360401558426
0.4000000000000000222 0.4000000000000000222 0.4000000000000000222
0.0 0.0 0.0
129 1.1053539394491334998e-06 0.0009640510505488915387
1.0978911404624207108e-05
0.45788291608979603264 0.0028658387814975440876 0.068097521749502121224
266.1139250414896651 5.798860186281178386 194.73524031129315404
0.4000000000000000222 0.4000000000000000222 0.4000000000000000222
0.0 0.0 0.0
130 1.1053539394491334998e-06 0.0008900121157433224059
1.0978911404624207108e-05
0.42271759641750861203 0.007949339946716987501 0.11834633277417928865
192.72747304348143871 21.172433591435407152 265.26646498803154373
0.4000000000000000222 0.4000000000000000222 0.4000000000000000222
0.0 0.0 0.0
131 1.1053539394491334998e-06 0.0025890224429809987327
1.0978911404624207108e-05
1.229674658140883059 0.005708333074055413174 0.2537009884082937483
84.89784553502946096 328.01507807176108145 197.90018547308341113
0.4000000000000000222 0.4000000000000000222 0.4000000000000000222
0.0 0.0 0.0
132 1.1053539394491334998e-06 0.0006868871638604952082
1.0978911404624207108e-05
0.32624195309368902995 0.0040737651923966463827 0.20518013558494771487
40.687261630166496218 297.20703778701795272 132.16533129372302824
0.4000000000000000222 0.4000000000000000222 0.4000000000000000222
0.0 0.0 0.0
133 1.1053539394491334998e-06 0.0025167424604235374569
1.0978911404624207108e-05
1.1953447653727702349 0.0050929123911651816292 0.051295280237216418773
261.90052217603084728 326.05473790982989613 273.04880230173228028
0.4000000000000000222 0.4000000000000000222 0.4000000000000000222
0.0 0.0 0.0
134 1.1053539394491334998e-06 0.002718448557027841699
1.0978911404624207108e-05
1.2911465132715813642 0.009116659310319434259 0.24192801960141538387
292.35261070692547491 212.727414902726224 184.18172649375861738
0.4000000000000000222 0.4000000000000000222 0.4000000000000000222
0.0 0.0 0.0
135 1.1053539394491334998e-06 0.0014047063578224012843
1.0978911404624207108e-05
0.6671752942993949276 0.00090944511545796864315 0.14381097569832959615
84.15901351231249805 69.539283542765673474 249.48480284988576727
0.4000000000000000222 0.4000000000000000222 0.4000000000000000222
0.0 0.0 0.0
136 1.1053539394491334998e-06 0.0024215293653249917721
1.0978911404624207108e-05
1.150122627386576335 0.0037686922905942367434 0.2257879156411696786
151.94236260554458795 163.72081980721665673 204.19657951232048276
0.4000000000000000222 0.4000000000000000222 0.4000000000000000222
0.0 0.0 0.0
137 1.1053539394491334998e-06 0.0038493297212721929037
1.0978911404624207108e-05
1.8282665806584759149 0.0025514497599312857719 0.09661566633177491592
100.06540261348762044 161.79985067548332722 160.90623759534580017
0.4000000000000000222 0.4000000000000000222 0.4000000000000000222
0.0 0.0 0.0
138 1.1053539394491334998e-06 0.0017992463546487112759
1.0978911404624207108e-05
0.8545648772037786056 0.002520783186835252529 0.18861281822029479782
282.88059214975010036 250.61615678976752974 227.23317901910181149
0.4000000000000000222 0.4000000000000000222 0.4000000000000000222
0.0 0.0 0.0
139 1.1053539394491334998e-06 0.0023840119013398586007
1.0978911404624207108e-05
1.1323034405250238521 0.004550384291604896679 0.08933500072214524412
259.5217381936978427 107.427667302542161565 67.06846118785534827
0.4000000000000000222 0.4000000000000000222 0.4000000000000000222
0.0 0.0 0.0
140 1.1053539394491334998e-06 0.001300233073802558847
1.0978911404624207108e-05
0.61755496359880934776 0.005141423577990692634 0.063873577770286432687
99.099878984640724866 70.09839489275532287 12.628756191463722303
0.4000000000000000222 0.4000000000000000222 0.4000000000000000222
0.0 0.0 0.0
141 1.1053539394491334998e-06 0.004176212444251702483
1.0978911404624207108e-05
1.9835218592373566882 0.008819547954994353192 0.101545882559391495437
302.75069703150052192 3.7754157988393099998 102.40548614838355945
0.4000000000000000222 0.4000000000000000222 0.4000000000000000222
0.0 0.0 0.0
142 1.1053539394491334998e-06 0.0040472894609041229494
1.0978911404624207108e-05
1.9222889696174805252 0.00060208496498009855813 0.07907316286788031168
42.255230485815992836 155.26971558992292444 348.35909755454105152
0.4000000000000000222 0.4000000000000000222 0.4000000000000000222
0.0 0.0 0.0
143 1.1053539394491334998e-06 0.0030719866546547494147
1.0978911404624207108e-05
1.4590619519800192005 0.0038915388732227674737 0.14542588965451863636
234.61914623526152468 11.934830769972979425 44.264103793434699696
0.4000000000000000222 0.4000000000000000222 0.4000000000000000222
0.0 0.0 0.0
144 1.1053539394491334998e-06 0.0012175446573625591349
1.0978911404624207108e-05
0.57828151098980318245 0.0016792119694356878734 0.15682369201316798124
303.5201065050316629 132.93196451143023751 289.47558148711817694
0.4000000000000000222 0.4000000000000000222 0.4000000000000000222
0.0 0.0 0.0
145 1.1053539394491334998e-06 0.0031318013167785168476
1.0978911404624207108e-05
1.4874713519828124397 0.0068056837746274636072 0.084531532324596786454
291.33041173781805355 97.89991179535221022 1.1640848187574093231
0.4000000000000000222 0.4000000000000000222 0.4000000000000000222
0.0 0.0 0.0
146 1.1053539394491334998e-06 0.0036945444598705577094
1.0978911404624207108e-05
1.7547502177874956253 0.008973421102026984605 0.022342357476332671412
161.21935496824679035 46.48295234294366196 354.98733832208051808
0.4000000000000000222 0.4000000000000000222 0.4000000000000000222
0.0 0.0 0.0
147 1.1053539394491334998e-06 0.0021002370576005151777
1.0978911404624207108e-05
0.9975225563692349251 0.009771280018679846108 0.12219230961078575426
333.60765507463571566 9.382124612391958607 211.20858230448385484
0.4000000000000000222 0.4000000000000000222 0.4000000000000000222
0.0 0.0 0.0
148 1.1053539394491334998e-06 0.0032282651546226580192
1.0978911404624207108e-05
1.5332875391485651928 0.0061277148911738060083 0.162087752352507386
71.49825600297299388 185.1074470931537519 142.98008580344642837
0.4000000000000000222 0.4000000000000000222 0.4000000000000000222
0.0 0.0 0.0
149 1.1053539394491334998e-06 0.0030007231564696537356
1.0978911404624207108e-05
1.4252148457078221977 0.003484166876615070376 0.03952017670429157359
71.06809480244361055 74.34280158497745106 246.39989784079767787
0.4000000000000000222 0.4000000000000000222 0.4000000000000000222
0.0 0.0 0.0
150 1.1053539394491334998e-06 0.004000330410582023619
1.0978911404624207108e-05
1.8999854340463631086 0.0063300277274132279656 0.1810290820335017925
207.13669770648766644 273.7308950242947958 106.8313349572089237
0.4000000000000000222 0.4000000000000000222 0.4000000000000000222
0.0 0.0 0.0
151 1.1053539394491334998e-06 0.0008219414277187112617
1.0978911404624207108e-05
0.39038693808234919969 0.0014200211269435292997 0.082353904497625682324
165.3765528532764506 105.87542012339059738 110.53584539259624364
0.4000000000000000222 0.4000000000000000222 0.4000000000000000222
0.0 0.0 0.0
152 1.1053539394491334998e-06 0.0029892270020516948498
1.0978911404624207108e-05
1.4197546652477557316 0.0026059421373739975747 0.034199947514791190217
136.9638104418808382 55.373014430592007784 114.29540645922348574
0.4000000000000000222 0.4000000000000000222 0.4000000000000000222
0.0 0.0 0.0
153 1.1053539394491334998e-06 0.00087723248992101478616
1.0978911404624207108e-05
0.41664782206819067634 0.004669057268832211595 0.15100116113820299946
188.41240946737988793 160.34857150599080455 125.306733314827027925
0.4000000000000000222 0.4000000000000000222 0.4000000000000000222
0.0 0.0 0.0
154 1.1053539394491334998e-06 0.0013566250665907910276
1.0978911404624207108e-05
0.64433874241144495354 0.0064172691562580279692 0.047530792330002284707
10.035403327137842666 161.51304557993557864 317.89307408363032437
0.4000000000000000222 0.4000000000000000222 0.4000000000000000222
0.0 0.0 0.0
155 1.1053539394491334998e-06 0.0030994444737744856066
1.0978911404624207108e-05
1.4721032388297692339 0.0017141731539689786679 0.12918905093485025248
26.463018561125821293 337.6637723298328524 318.39654442323791272
0.4000000000000000222 0.4000000000000000222 0.4000000000000000222
0.0 0.0 0.0
156 1.1053539394491334998e-06 0.0028988643042893069184
1.0978911404624207108e-05
1.3768362580393143091 0.00023440748806355493736 0.1044829004452739879
252.18793438878694246 180.90190029902129254 161.6606630148949364
0.4000000000000000222 0.4000000000000000222 0.4000000000000000222
0.0 0.0 0.0
157 1.1053539394491334998e-06 0.0019206909272584009254
1.0978911404624207108e-05
0.9122458423540609207 0.0049592731400885312065 0.20926051620050717395
294.94410340313640972 269.94893935471509394 319.98202428955164578
0.4000000000000000222 0.4000000000000000222 0.4000000000000000222
0.0 0.0 0.0
158 1.1053539394491334998e-06 0.0038075411610063359687
1.0978911404624207108e-05
1.8084188061834307604 0.0012626660273787804114 0.28465144236089839902
105.46241568920551401 24.58858960475782851 65.73162303518296312
0.4000000000000000222 0.4000000000000000222 0.4000000000000000222
0.0 0.0 0.0
159 1.1053539394491334998e-06 0.004117155794312402329
1.0978911404624207108e-05
1.9554724825230167529 0.0034418443069804895325 0.13102185986762712733
94.35014503292603649 110.46828322181951876 276.996256039420075
0.4000000000000000222 0.4000000000000000222 0.4000000000000000222
0.0 0.0 0.0
160 1.1053539394491334998e-06 0.0019403528202076692426
1.0978911404624207108e-05
0.92158439851696383194 0.00022971156278930982106 0.16848765384574010406
126.61505604372253231 306.85350067144452169 299.44586508883691067
0.4000000000000000222 0.4000000000000000222 0.4000000000000000222
0.0 0.0 0.0
161 1.1053539394491334998e-06 0.0040209092766382907977
1.0978911404624207108e-05
1.9097595131205988839 0.00024753880415491426228 0.21082422627069050125
156.77144867692504704 9.081153690541672319 90.49939922041451723
0.4000000000000000222 0.4000000000000000222 0.4000000000000000222
0.0 0.0 0.0
162 1.1053539394491334998e-06 0.00096180309920170007445
1.0978911404624207108e-05
0.456815235579003609 0.0025317416907227742288 0.28191449166332527287
18.282743351630475814 355.3842465840008913 280.16633666937212865
0.4000000000000000222 0.4000000000000000222 0.4000000000000000222
0.0 0.0 0.0
163 1.1053539394491334998e-06 0.002122153133095175955
1.0978911404624207108e-05
1.0079317525949180734 0.004809801533944010367 0.1900896076814461988
205.26994681303469292 100.58017958508672507 42.89087016014590148
0.4000000000000000222 0.4000000000000000222 0.4000000000000000222
0.0 0.0 0.0
164 1.1053539394491334998e-06 0.0023312340247313426657
1.0978911404624207108e-05
1.1072362119454008944 0.0030986946461798183482 0.20055050759193249199
231.86041764701607804 91.10874317664705302 329.58731874995561384
0.4000000000000000222 0.4000000000000000222 0.4000000000000000222
0.0 0.0 0.0
165 1.1053539394491334998e-06 0.0022515874734255323241
1.0978911404624207108e-05
1.0694075148575898915 0.0053145528628384388833 0.087790484275962490934
305.47485872151992226 141.59503594270796611 121.08227158198768336
0.4000000000000000222 0.4000000000000000222 0.4000000000000000222
0.0 0.0 0.0
166 1.1053539394491334998e-06 0.0019699499396780925536
1.0978911404624207108e-05
0.9356417613124916599 0.0087428525792921547855 0.08284858348286514018
39.571166312742903415 205.09583180126628577 42.104729643652149207
0.4000000000000000222 0.4000000000000000222 0.4000000000000000222
0.0 0.0 0.0
167 1.1053539394491334998e-06 0.0019785645999436980013
1.0978911404624207108e-05
0.93973335559195692035 0.00133898735055353762 0.05994090657484707485
83.41565118670250456 313.80085550767597624 332.62658844379012635
0.4000000000000000222 0.4000000000000000222 0.4000000000000000222
0.0 0.0 0.0
168 1.1053539394491334998e-06 0.0035386251135918549663
1.0978911404624207108e-05
1.6806952132228940577 0.002890432331680153899 0.2698004391552467629
36.12935301900223095 101.466623129444300844 53.508308001059681658
0.4000000000000000222 0.4000000000000000222 0.4000000000000000222
0.0 0.0 0.0
169 1.1053539394491334998e-06 0.0021287013718607905702
1.0978911404624207108e-05
1.0110418852580635996 0.007091557888296801636 0.10153448877900603242
70.798457257360553285 292.4212993280625028 291.1287891686035323
0.4000000000000000222 0.4000000000000000222 0.4000000000000000222
0.0 0.0 0.0
170 1.1053539394491334998e-06 0.0032668648180819945306
1.0978911404624207108e-05
1.5516207243619237754 0.0078043812253454974623 0.05668535646587997967
65.19907689277522422 316.59067409784267966 270.6922706037328794
0.4000000000000000222 0.4000000000000000222 0.4000000000000000222
0.0 0.0 0.0
171 1.1053539394491334998e-06 0.003102143981330541211
1.0978911404624207108e-05
1.4733853891796593327 0.0037746076474258817048 0.16246712315626229972
37.830817219973162935 329.85635612685894102 347.86987877872894614
0.4000000000000000222 0.4000000000000000222 0.4000000000000000222
0.0 0.0 0.0
172 1.1053539394491334998e-06 0.00259100911183583197
1.0978911404624207108e-05
1.2306182406700840737 0.008398815671420655632 0.1480229185552056903
234.78934703964597475 198.16493559018448423 146.95829922261481215
0.4000000000000000222 0.4000000000000000222 0.4000000000000000222
0.0 0.0 0.0
173 1.1053539394491334998e-06 0.0020588134173982624879
1.0978911404624207108e-05
0.977848103278744718 0.0018711011417652501608 0.16522119436359616884
163.18086582157980047 78.914219514410760326 142.8192833764249201
0.4000000000000000222 0.4000000000000000222 0.4000000000000000222
0.0 0.0 0.0
174 1.1053539394491334998e-06 0.0020021126413718732487
1.0978911404624207108e-05
0.95091766566681990014 0.00336489172666913465 0.21901780294733363963
87.86622797061994561 136.34502365604896568 252.05920241899733014
0.4000000000000000222 0.4000000000000000222 0.4000000000000000222
0.0 0.0 0.0
175 1.1053539394491334998e-06 0.0036339237372726616187
1.0978911404624207108e-05
1.7259579736186920762 0.0041869527118458651008 0.028109572984316551214
121.30605721974019673 61.744362273432074062 174.09740409693390006
0.4000000000000000222 0.4000000000000000222 0.4000000000000000222
0.0 0.0 0.0
176 1.1053539394491334998e-06 0.002514072361899024204
1.0978911404624207108e-05
1.1940765830519739499 0.0034846618176374954783 0.12742159407739631072
24.79333111146843649 34.64910053343410823 315.1945913442744427
0.4000000000000000222 0.4000000000000000222 0.4000000000000000222
0.0 0.0 0.0
177 1.1053539394491334998e-06 0.0010503084451964543236
1.0978911404624207108e-05
0.49885148033029669268 0.007967598671801134902 0.1330389785862050589
294.02828356145346334 86.3657593912998891 174.42336676749377489
0.4000000000000000222 0.4000000000000000222 0.4000000000000000222
0.0 0.0 0.0
178 1.1053539394491334998e-06 0.0040359345235889361597
1.0978911404624207108e-05
1.9168958612266600028 0.007056409288281554476 0.14438008496979934381
151.72131661259777502 349.15938511832013091 248.59211550430140392
0.4000000000000000222 0.4000000000000000222 0.4000000000000000222
0.0 0.0 0.0
179 1.1053539394491334998e-06 0.0036523549016930081307
1.0978911404624207108e-05
1.7347119864968625347 0.0049406754123896539505 0.10886626440022140194
160.03515451729236929 202.10728820239182824 341.81267540223694823
0.4000000000000000222 0.4000000000000000222 0.4000000000000000222
0.0 0.0 0.0
180 1.1053539394491334998e-06 0.002554490662880614255
1.0978911404624207108e-05
1.2132735431157677386 0.009012693132543448879 0.20287253985622424879
137.60732509715026595 226.35874211489309005 119.96202040282430801
0.4000000000000000222 0.4000000000000000222 0.4000000000000000222
0.0 0.0 0.0
181 1.1053539394491334998e-06 0.0032644413488825219037
1.0978911404624207108e-05
1.5504696803964859164 0.0015882651550474990911 0.2629421468984927679
19.853622846005816172 282.67147248542340776 179.27177236000667904
0.4000000000000000222 0.4000000000000000222 0.4000000000000000222
0.0 0.0 0.0
182 1.1053539394491334998e-06 0.002496578643751504793
1.0978911404624207108e-05
1.1857678169611340913 0.0035368608498801048373 0.26534779996152652037
127.40771816421603546 68.26246775293370206 262.0444051742314855
0.4000000000000000222 0.4000000000000000222 0.4000000000000000222
0.0 0.0 0.0
183 1.1053539394491334998e-06 0.0011739045459812716557
1.0978911404624207108e-05
0.5575543291187078365 0.004031317733538368475 0.22041477683734150839
27.303325911130052361 310.86366363031265792 306.69192190383233765
0.4000000000000000222 0.4000000000000000222 0.4000000000000000222
0.0 0.0 0.0
184 1.1053539394491334998e-06 0.0023048705969360054121
1.0978911404624207108e-05
1.0947147140535840038 0.0025038964607662496202 0.19917514015511508796
148.66531783159700808 14.196492884164598536 60.54002871566093802
0.4000000000000000222 0.4000000000000000222 0.4000000000000000222
0.0 0.0 0.0
185 1.1053539394491334998e-06 0.0030873533281919436506
1.0978911404624207108e-05
1.4663604630762980818 0.0049515464039623733467 0.069258198109803090214
34.477975374555292376 320.58517167090400335 124.00245660596641528
0.4000000000000000222 0.4000000000000000222 0.4000000000000000222
0.0 0.0 0.0
186 1.1053539394491334998e-06 0.0030080188752002284319
1.0978911404624207108e-05
1.4286799993067156311 0.008677599963277099829 0.23911557876878630768
116.685633289501197396 326.47262446684203496 244.42996381946051088
0.4000000000000000222 0.4000000000000000222 0.4000000000000000222
0.0 0.0 0.0
187 1.1053539394491334998e-06 0.0013260390165021340508
1.0978911404624207108e-05
0.62981167997186870977 0.006466129287410752463 0.24799316121864192763
264.7147300811375885 137.61164517995140955 157.30801824277600076
0.4000000000000000222 0.4000000000000000222 0.4000000000000000222
0.0 0.0 0.0
188 1.1053539394491334998e-06 0.004047724831717211548
1.0978911404624207108e-05
1.9224957520875207706 0.0096351031122967664005 0.17250170868693590065
329.24319752439635067 277.10306620588750093 189.59474863577838732
0.4000000000000000222 0.4000000000000000222 0.4000000000000000222
0.0 0.0 0.0
189 1.1053539394491334998e-06 0.001989303986442867738
1.0978911404624207108e-05
0.94483410373642029434 0.0012534169895359814021 0.1346478218840848895
260.06939765288524313 233.9557554846379901 58.524858500524096883
0.4000000000000000222 0.4000000000000000222 0.4000000000000000222
0.0 0.0 0.0
190 1.1053539394491334998e-06 0.003852114181472425877
1.0978911404624207108e-05
1.8295890798720733095 0.0047800505093452769906 0.24608505314649714579
340.24309099459532035 152.54064815014820056 165.96862877264817371
0.4000000000000000222 0.4000000000000000222 0.4000000000000000222
0.0 0.0 0.0
191 1.1053539394491334998e-06 0.0024016254478726418928
1.0978911404624207108e-05
1.1406691199613174792 0.00970232366006403002 0.16778709060778534967
70.93612678151409057 81.322750075994733265 125.426196970942498865
0.4000000000000000222 0.4000000000000000222 0.4000000000000000222
0.0 0.0 0.0
192 1.1053539394491334998e-06 0.0038197051182224726972
1.0978911404624207108e-05
1.8141961643411186333 0.0050739626045544425348 0.23340728752776873645
99.443249722025811366 307.69429006859348874 124.14483599341727427
0.4000000000000000222 0.4000000000000000222 0.4000000000000000222
0.0 0.0 0.0
193 1.1053539394491334998e-06 0.0013984785629403686772
1.0978911404624207108e-05
0.6642173587421745795 0.009550705541536445506 0.12710458773747337902
162.09339280487338897 165.61923957210163394 212.05571984302483202
0.4000000000000000222 0.4000000000000000222 0.4000000000000000222
0.0 0.0 0.0
194 1.1053539394491334998e-06 0.0013434121954895413534
1.0978911404624207108e-05
0.63806319512967579755 0.0033639670664944187374 0.12550779218906182866
194.90737411681726599 104.80186676573379145 335.22805516969197015
0.4000000000000000222 0.4000000000000000222 0.4000000000000000222
0.0 0.0 0.0
195 1.1053539394491334998e-06 0.00097030750950317884436
1.0978911404624207108e-05
0.46085446585238809547 0.0017726026583020893478 0.20642461236349177178
324.51443733995040475 250.52740678430171783 138.84059354440069001
0.4000000000000000222 0.4000000000000000222 0.4000000000000000222
0.0 0.0 0.0
196 1.1053539394491334998e-06 0.003539374219345327824
1.0978911404624207108e-05
1.6810510063384811463 0.005599949985720790481 0.27399860974021150728
122.4861974724007041 109.18863577631832129 242.64119100582422561
0.4000000000000000222 0.4000000000000000222 0.4000000000000000222
0.0 0.0 0.0
197 1.1053539394491334998e-06 0.0014967034581510140879
1.0978911404624207108e-05
0.7108699726530849361 0.0056559465681537690607 0.17751933040428050092
5.0883921390393593853 311.8945342963957046 136.0008735092846166
0.4000000000000000222 0.4000000000000000222 0.4000000000000000222
0.0 0.0 0.0
198 1.1053539394491334998e-06 0.00088559123726717096815
1.0978911404624207108e-05
0.42061786868298012276 0.0036435145280732461961 0.14692939571045285363
251.85508975176313129 162.39345545595963927 156.99392328849333467
0.4000000000000000222 0.4000000000000000222 0.4000000000000000222
0.0 0.0 0.0
199 1.1053539394491334998e-06 0.003314904658588292115
1.0978911404624207108e-05
1.5744375889325170625 0.0067655761793409784077 0.24699533456281858035
80.57915771897299351 50.272637768379993872 86.94939474128953805
0.4000000000000000222 0.4000000000000000222 0.4000000000000000222
0.0 0.0 0.0
200 1.1053539394491334998e-06 0.0018747184461231479178
1.0978911404624207108e-05
0.8904108848483274219 0.0034326694835287762178 0.055467591112720752988
49.028681012155956864 110.95560793968778057 117.609844148239247374
0.4000000000000000222 0.4000000000000000222 0.4000000000000000222
0.0 0.0 0.0
201 1.1053539394491334998e-06 0.0017894099511385026191
1.0978911404624207108e-05
0.8498930072643953171 0.00223057304887631664 0.0891226947299802591
146.60042304094312726 304.5489249640868934 199.75791387394090748
0.4000000000000000222 0.4000000000000000222 0.4000000000000000222
0.0 0.0 0.0
202 1.1053539394491334998e-06 0.0019028235160252391051
1.0978911404624207108e-05
0.90375958806933431866 0.0060950113486868918652 0.08314131138975405788
232.95366797868115327 298.34755441183693847 171.86518971921520915
0.4000000000000000222 0.4000000000000000222 0.4000000000000000222
0.0 0.0 0.0
203 1.1053539394491334998e-06 0.000818434016452201313
1.0978911404624207108e-05
0.38872106810822137923 0.0037761494322913202737 0.08994186965443598525
67.27295741146468799 78.216677088941693796 257.33635907095367656
0.4000000000000000222 0.4000000000000000222 0.4000000000000000222
0.0 0.0 0.0
204 1.1053539394491334998e-06 0.0037411273709527709603
1.0978911404624207108e-05
1.77687510334633747 0.0028970237975022494412 0.123293574520790094606
36.074664757468788423 152.41742378959796156 13.839837766773047889
0.4000000000000000222 0.4000000000000000222 0.4000000000000000222
0.0 0.0 0.0
205 1.1053539394491334998e-06 0.00377827688950105205
1.0978911404624207108e-05
1.7945195319007527512 0.0027417575511466418282 0.098334795398838964475
305.67908368262527574 8.878845059270208395 232.9892076242130372
0.4000000000000000222 0.4000000000000000222 0.4000000000000000222
0.0 0.0 0.0
206 1.1053539394491334998e-06 0.0041782238019537728463
1.0978911404624207108e-05
1.9844771679104806772 0.004965187588850221434 0.093920890331302048226
130.35743042250172152 52.769936552323152057 253.04922437282974101
0.4000000000000000222 0.4000000000000000222 0.4000000000000000222
0.0 0.0 0.0
207 1.1053539394491334998e-06 0.0024538005361381455215
1.0978911404624207108e-05
1.1654500499220796783 0.00041897439756099054756 0.17152502517714784958
20.646147745321581368 58.4518180109311416 187.95900489185814308
0.4000000000000000222 0.4000000000000000222 0.4000000000000000222
0.0 0.0 0.0
208 1.1053539394491334998e-06 0.0025589971288881362916
1.0978911404624207108e-05
1.2154139212582000251 0.0053263146453688004628 0.086766321772624596664
71.49498095535852826 199.55697167047924268 82.02938490687228068
0.4000000000000000222 0.4000000000000000222 0.4000000000000000222
0.0 0.0 0.0
209 1.1053539394491334998e-06 0.0026927514450717691936
1.0978911404624207108e-05
1.2789414868356543398 0.004241403885455575541 0.18344579890812029443
258.7760529923453987 316.01299259592332191 353.57286365715992815
0.4000000000000000222 0.4000000000000000222 0.4000000000000000222
0.0 0.0 0.0
210 1.1053539394491334998e-06 0.0026095417911298547581
1.0978911404624207108e-05
1.2394204687608814108 0.0028615955460106470495 0.16432217496028059256
137.34718063982845138 276.77488283206099595 257.398773057183746
0.4000000000000000222 0.4000000000000000222 0.4000000000000000222
0.0 0.0 0.0
211 1.1053539394491334998e-06 0.0012104495733819770992
1.0978911404624207108e-05
0.574911650295101162 0.00732962987834302835 0.09094186706087993566
197.58897025968587968 216.4500587345692395 32.142690974564700923
0.4000000000000000222 0.4000000000000000222 0.4000000000000000222
0.0 0.0 0.0
212 1.1053539394491334998e-06 0.0013114517797230782154
1.0978911404624207108e-05
0.6228833679179753835 0.0035301453282308783987 0.026520907213248515882
203.93770909810530156 287.61014862136562442 242.06878687905944503
0.4000000000000000222 0.4000000000000000222 0.4000000000000000222
0.0 0.0 0.0
213 1.1053539394491334998e-06 0.00065628109701938868933
1.0978911404624207108e-05
0.31170538355490157167 0.0024132385307648130182 0.12713185331949014567
105.20511844911963806 16.056112168560989772 244.24341611382067185
0.4000000000000000222 0.4000000000000000222 0.4000000000000000222
0.0 0.0 0.0
214 1.1053539394491334998e-06 0.0038552529171225749194
1.0978911404624207108e-05
1.8310798447351031015 0.0053473729307617848955 0.15062261092501649795
43.354544296036287676 331.8173735468632799 170.05926695404545512
0.4000000000000000222 0.4000000000000000222 0.4000000000000000222
0.0 0.0 0.0
215 1.1053539394491334998e-06 0.0028466074219119853122
1.0978911404624207108e-05
1.3520164793822959659 0.0049251371115639616324 0.17288169273885795052
212.77950859181953547 336.0581226917943809 77.42768272234950189
0.4000000000000000222 0.4000000000000000222 0.4000000000000000222
0.0 0.0 0.0
216 1.1053539394491334998e-06 0.0021985221733891035234
1.0978911404624207108e-05
1.0442037724727588621 0.0016673703284148389935 0.021604928275600978477
139.45741585695469666 284.89487782135802263 10.567521045672329194
0.4000000000000000222 0.4000000000000000222 0.4000000000000000222
0.0 0.0 0.0
217 1.1053539394491334998e-06 0.0041585269987210155198
1.0978911404624207108e-05
1.9751220308596710851 0.009473475533086925596 0.035300137086330951597
122.95621128533730371 260.48599796310674037 124.62256340954461109
0.4000000000000000222 0.4000000000000000222 0.4000000000000000222
0.0 0.0 0.0
218 1.1053539394491334998e-06 0.0036850979269059709786
1.0978911404624207108e-05
1.7502635196418936392 0.0050741844761371711695 0.1658857333368631004
157.74995091841947215 201.01550775263439164 24.642900556579590443
0.4000000000000000222 0.4000000000000000222 0.4000000000000000222
0.0 0.0 0.0
219 1.1053539394491334998e-06 0.0024098792270461044352
1.0978911404624207108e-05
1.1445893111945042442 0.006254894994526396558 0.26812616136996125782
55.8403116509916444 188.31560576999075352 176.08115773745512911
0.4000000000000000222 0.4000000000000000222 0.4000000000000000222
0.0 0.0 0.0
220 1.1053539394491334998e-06 0.0014194649641254083406
1.0978911404624207108e-05
0.67418499952983323986 0.009370914403225643133 0.2607023782927515021
74.568348301104421694 171.69028949645840498 330.08218397926469834
0.4000000000000000222 0.4000000000000000222 0.4000000000000000222
0.0 0.0 0.0
221 1.1053539394491334998e-06 0.0038857315851970468092
1.0978911404624207108e-05
1.8455559053218597576 0.0032852640630340579873 0.13146720816486856531
181.57781545052452543 87.8424776041924531 117.749266632278107636
0.4000000000000000222 0.4000000000000000222 0.4000000000000000222
0.0 0.0 0.0
222 1.1053539394491334998e-06 0.003451467710803740472
1.0978911404624207108e-05
1.6392991837027635071 0.008172993347506901651 0.07942047748286509834
92.02202764669651458 136.44658809966159652 207.06688706223678764
0.4000000000000000222 0.4000000000000000222 0.4000000000000000222
0.0 0.0 0.0
223 1.1053539394491334998e-06 0.0037938786789413665213
1.0978911404624207108e-05
1.8019297129706066674 0.0082471276931415059275 0.16900132120254876544
7.646139907393401103 26.181477918732003474 356.9546976907500948
0.4000000000000000222 0.4000000000000000222 0.4000000000000000222
0.0 0.0 0.0
224 1.1053539394491334998e-06 0.0033882516596473381441
1.0978911404624207108e-05
1.6092742697413142672 0.0054203798375991154093 0.03304709238437338048
41.255547311385861065 128.5294686483246096 51.326700392261827233
0.4000000000000000222 0.4000000000000000222 0.4000000000000000222
0.0 0.0 0.0
225 1.1053539394491334998e-06 0.0016442728414775665287
1.0978911404624207108e-05
0.7809591028134259538 0.0027842582556533990168 0.047076208156716640996
303.47610195868935534 310.11757116316641714 333.1326779659828503
0.4000000000000000222 0.4000000000000000222 0.4000000000000000222
0.0 0.0 0.0
226 1.1053539394491334998e-06 0.0035769359282418285922
1.0978911404624207108e-05
1.6988912076359679038 0.0027544225353991545584 0.004911566701016785441
19.804093696957437487 116.867688699944906716 230.06366975865716995
0.4000000000000000222 0.4000000000000000222 0.4000000000000000222
0.0 0.0 0.0
227 1.1053539394491334998e-06 0.0035967711068804861586
1.0978911404624207108e-05
1.7083120670718447975 0.00911417171715175195 0.25502606246125725242
132.71941125120628158 127.705833276839655355 225.39323602534688007
0.4000000000000000222 0.4000000000000000222 0.4000000000000000222
0.0 0.0 0.0
228 1.1053539394491334998e-06 0.00334326458481887513
1.0978911404624207108e-05
1.5879073379827954859 0.0011623894671392387499 0.05850712316967049409
159.65555127883030195 127.36551163027768041 64.885410734468138116
0.4000000000000000222 0.4000000000000000222 0.4000000000000000222
0.0 0.0 0.0
229 1.1053539394491334998e-06 0.0030020484084863051707
1.0978911404624207108e-05
1.4258442835966069762 0.00848590023816955287 0.27942994206520843647
153.80249494957928391 50.81493058271808394 338.62245737434164994
0.4000000000000000222 0.4000000000000000222 0.4000000000000000222
0.0 0.0 0.0
230 1.1053539394491334998e-06 0.0025532932625720591768
1.0978911404624207108e-05
1.2127048293067885787 0.0009963654234914987376 0.18380227254641912094
296.31116977945151802 353.61244872953659524 271.6889881796664099
0.4000000000000000222 0.4000000000000000222 0.4000000000000000222
0.0 0.0 0.0
231 1.1053539394491334998e-06 0.001082604651499275318
1.0978911404624207108e-05
0.5141907936500152987 0.00043191285328578746727 0.19126984756319301284
85.01172102721294266 39.721565442605687224 275.549376030423673
0.4000000000000000222 0.4000000000000000222 0.4000000000000000222
0.0 0.0 0.0
232 1.1053539394491334998e-06 0.0033134773912811132366
1.0978911404624207108e-05
1.5737596981545560748 0.0019741946170468748292 0.12460781029519701901
248.19786176602471528 119.28349434597694767 228.47567541408912462
0.4000000000000000222 0.4000000000000000222 0.4000000000000000222
0.0 0.0 0.0
233 1.1053539394491334998e-06 0.0016296203193969590176
1.0978911404624207108e-05
0.77399978304035088605 0.0012284582489639817894 0.09559581935893739224
322.2110087566335892 92.73970892762623919 351.59239176508305036
0.4000000000000000222 0.4000000000000000222 0.4000000000000000222
0.0 0.0 0.0
234 1.1053539394491334998e-06 0.0022344581149205248296
1.0978911404624207108e-05
1.0612718039753137322 0.004484186353959148698 0.12151011051255730666
263.87913579741410786 205.99234601775421538 295.5571009617409004
0.4000000000000000222 0.4000000000000000222 0.4000000000000000222
0.0 0.0 0.0
235 1.1053539394491334998e-06 0.0025929891572818648881
1.0978911404624207108e-05
1.2315586773640783136 0.0053930633777768497567 0.19307315608603120571
235.90181752450615704 48.929514224976159653 321.86546383708378016
0.4000000000000000222 0.4000000000000000222 0.4000000000000000222
0.0 0.0 0.0
236 1.1053539394491334998e-06 0.0013570090956489526244
1.0978911404624207108e-05
0.6445211397491317218 0.009481534918553509092 0.04375079099795432802
171.78425940023910812 4.8286745259339225456 351.6065975856236605
0.4000000000000000222 0.4000000000000000222 0.4000000000000000222
0.0 0.0 0.0
237 1.1053539394491334998e-06 0.0024626642311546409592
1.0978911404624207108e-05
1.1696599250310510953 0.005127240148268814683 0.2105553591902456223
100.95332000457001698 348.06710353881669562 97.98306528295765361
0.4000000000000000222 0.4000000000000000222 0.4000000000000000222
0.0 0.0 0.0
238 1.1053539394491334998e-06 0.0038693794281005786159
1.0978911404624207108e-05
1.8377893317867484146 0.004014814781838210722 0.27787245250819364584
104.63028723289626498 96.580313691242125174 278.5777544967936592
0.4000000000000000222 0.4000000000000000222 0.4000000000000000222
0.0 0.0 0.0
239 1.1053539394491334998e-06 0.001999859417886389329
1.0978911404624207108e-05
0.9498474811163772902 0.006849729004888246639 0.23685913701271052445
286.44113360058582884 36.49767264907672626 11.524501355426210125
0.4000000000000000222 0.4000000000000000222 0.4000000000000000222
0.0 0.0 0.0
240 1.1053539394491334998e-06 0.0016538269594082795101
1.0978911404624207108e-05
0.78549689920531817755 0.009618251386837464376 0.062564472478197200034
106.10813836232580343 245.34879128293727035 8.483230361695257571
0.4000000000000000222 0.4000000000000000222 0.4000000000000000222
0.0 0.0 0.0
241 1.1053539394491334998e-06 0.002723870616539034557
1.0978911404624207108e-05
1.2937217590729150896 0.0081012632352857969625 0.003736891747374473504
318.69220722883733288 286.78306881772454062 129.51331016110151495
0.4000000000000000222 0.4000000000000000222 0.4000000000000000222
0.0 0.0 0.0
242 1.1053539394491334998e-06 0.0035509263433730942577
1.0978911404624207108e-05
1.6865377699635537567 0.0085211867778089960684 0.1808603771617869338
355.72073380858671499 104.144419618249756354 228.95309686611733468
0.4000000000000000222 0.4000000000000000222 0.4000000000000000222
0.0 0.0 0.0
243 1.1053539394491334998e-06 0.0019667886220503015487
1.0978911404624207108e-05
0.9341402709782662406 0.0028907534107824417284 0.17459206591438974909
17.281334610707403954 281.8598434220742206 295.65199935715946822
0.4000000000000000222 0.4000000000000000222 0.4000000000000000222
0.0 0.0 0.0
244 1.1053539394491334998e-06 0.0011426227189501233375
1.0978911404624207108e-05
0.54269680246233042986 0.006062420346430625294 0.18189964090404234232
257.82341809918989384 279.63417631190066004 264.79438787620637186
0.4000000000000000222 0.4000000000000000222 0.4000000000000000222
0.0 0.0 0.0
245 1.1053539394491334998e-06 0.0039612549184543410322
1.0978911404624207108e-05
1.8814262506163152988 0.00713425705142452498 0.036678666696773026823
279.36446391679663748 218.94276893606445356 72.76793396285118831
0.4000000000000000222 0.4000000000000000222 0.4000000000000000222
0.0 0.0 0.0
246 1.1053539394491334998e-06 0.0011069113753110580419
1.0978911404624207108e-05
0.5257354453291889218 0.0065663531910162857216 0.08821788676682744412
313.21826205225062267 78.7334678501035512 66.625782692959901965
0.4000000000000000222 0.4000000000000000222 0.4000000000000000222
0.0 0.0 0.0
247 1.1053539394491334998e-06 0.00084896706738007961826
1.0978911404624207108e-05
0.40322295821872455868 0.0023563378205480678754 0.14379403784542810207
66.033482039089463456 357.4538328606508344 62.74045221395471117
0.4000000000000000222 0.4000000000000000222 0.4000000000000000222
0.0 0.0 0.0
248 1.1053539394491334998e-06 0.0019979486651708478538
1.0978911404624207108e-05
0.94893995549849585736 0.005083924661341961311 0.118823342033357426395
6.8149540377181416773 9.181500809113174455 95.27358157374189318
0.4000000000000000222 0.4000000000000000222 0.4000000000000000222
0.0 0.0 0.0
249 1.1053539394491334998e-06 0.0025774232222600479035
1.0978911404624207108e-05
1.2241655256057810686 0.0020341521214730850717 0.27576171800939880407
159.81791713660427945 341.93421212230111905 226.18727910338799347
0.4000000000000000222 0.4000000000000000222 0.4000000000000000222
0.0 0.0 0.0
250 1.1053539394491334998e-06 0.0015643136657066606002
1.0978911404624207108e-05
0.74298192250821948335 0.008137288135894959681 0.22809676884599014435
96.52537440088759979 121.2909095205949086 136.02299284070218732
0.4000000000000000222 0.4000000000000000222 0.4000000000000000222
0.0 0.0 0.0
251 1.1053539394491334998e-06 0.0031667115927545822995
1.0978911404624207108e-05
1.5040522363211670243 0.007027564137810949317 0.10653626114394891544
278.13618264029696547 248.33667224358791259 68.80918757195135527
0.4000000000000000222 0.4000000000000000222 0.4000000000000000222
0.0 0.0 0.0
252 1.1053539394491334998e-06 0.004194380672915214599
1.0978911404624207108e-05
1.992150988904191955 0.0053245068265041408523 0.16419521861955760356
6.9881313654412213765 162.84367291811329892 136.01685989952173372
0.4000000000000000222 0.4000000000000000222 0.4000000000000000222
0.0 0.0 0.0
253 1.1053539394491334998e-06 0.0035312395672294702313
1.0978911404624207108e-05
1.6771873953501790222 0.0080761985352756811285 0.24505026568791535291
21.921837033461464728 74.11564328757721398 164.4182830076092614
0.4000000000000000222 0.4000000000000000222 0.4000000000000000222
0.0 0.0 0.0
