9
0 0.00029591220819207776388
0.0 0.0 0.0
0.0 0.0 0.0
1 4.9125474498983625056e-11 0.3870979888395936208
1.6306381826061645943e-05
-0.032433320146471017464 0.30732647407569840814 0.0280888997405028297
-0.033622812072399158034 -0.0019305604712619159943 0.0029264451427202888868
2 7.243452483873647106e-10 0.7233257098327222634
4.0453784346544178454e-05
-0.6608991468450423623 -0.28805695486041710263 0.034183953683804932377
0.007943018642097033136 -0.018635382188272479886 -0.00071410720992500279457
3 8.997011382166018993e-10 1.000013777403204962
4.25875607065040958e-05
0.5665449483756358484 -0.84285201543201082597 3.8152874628327130158e-05
0.0139986033055793102076 0.009533392738922031109 -5.008237574040859916e-07
4 9.549535102761465872e-11 1.523730802569037035
2.265740805092889601e-05
-1.5854600237231359916 0.50600057977052448344 0.049495356229978339224
-0.0037325822023031099417 -0.0121364162752466003825 -0.00016278089870573419053
5 2.8253459086313549713e-07 5.2035172582389037643
0.00046732617030490929307
4.1105798235203270252 -2.9003636368897538489 -0.07992066204197022239
0.0042645403767569648595 0.006527961423420942065 -0.00012252307659855749943
6 8.45971518300641563e-08 9.581689367400855417
0.00038925687730393611812
6.3549393159832749944 -7.6568459312514027815 -0.11978932080537739446
0.0039872926987931916337 0.0035567518157804990653 -0.00022047226166396519348
7 1.2920249163736673984e-08 19.232766114773518495
0.00016953449859497231466
14.81940372833062014 13.046490834898889943 -0.14356031024960910769
-0.002623943559850705834 0.002775224845039696818 4.4157032104701469965e-05
8 1.5243589003230834746e-08 30.285501702709421323
0.000164587904124493665
29.563994989459040141 -4.5855881090096284325 -0.5869609072731380994
0.00046517035659338968386 0.0031282283842968541462 -7.504927375628088796e-05
