16
101
0.33208578766229190915 0.07439013071780828379 -0.02438290851908785084
-0.008988542188201206762 0.028710618792657981169 0.0034094833969203438596
102
0.33203966624962866216 0.07434400930514498129 -0.02438290851908785084
-0.014195641132219511543 0.028710618792657981169 0.0034094833969203438596
103
-0.7187543234391324809 -0.011798260816488121555 0.041316403191083782287
0.0065615071841567274707 -0.020313576971905909774 -0.00029114855617710840843
104
-0.71886874402007694407 -0.011912681397432518804 0.041316403191083782287
-0.006132960226534060408 -0.020313576971905909774 -0.00029114855617710840843
105
0.35683111163121072895 -0.9518327808922094624 4.4027442504036787155e-05
0.022724479262608666269 0.0059737936889703449964 -3.3484113013969089573e-07
106
0.3567106558193317012 -0.95195323670408849015 4.4027442504036787155e-05
0.008935598794060913702 0.0059737936889703449964 -3.3484113013969089573e-07
107
-1.5233391647104730371 0.6724145771476651712 0.051459143378398922164
-0.0020480822268840624331 -0.011607719813367209372 -0.000117479966462153095864
108
-1.5234032495379807859 0.6723504923201574224 0.051459143378398922164
-0.008207040423331847523 -0.011607719813367209372 -0.000117479966462153095864
109
4.050605826355517358 -2.9904269687677218492 -0.078187280837353656526
0.041279424970441319642 0.006432188574295680597 -0.00012509257442073270106
110
4.049284028339322994 -2.9917487667839162135 -0.078187280837353656526
-0.032485009432853539924 0.006432188574295680597 -0.00012509257442073270106
111
6.299479995832536261 -7.7058625321556393217 -0.11669919842191249504
0.02612723553831041573 0.0035242303011843410798 -0.00022097170940726839814
112
6.2983790111222752728 -7.70696351686590031 -0.11669919842191249504
-0.01809910222875676239 0.0035242303011843410798 -0.00022097170940726839814
113
14.856321905516212567 13.007829033301401722 -0.14417795763685259391
0.010478935887110856981 0.0027821364817078499815 4.40781085949555924e-05
114
14.855842389541807691 13.007349517326996846 -0.14417795763685259391
-0.015710591190212928187 0.0027821364817078499815 4.40781085949555924e-05
115
29.55768244045575699 -4.6291447957067299868 -0.58590957207831262377
0.014905509815736753265 0.0031274056019462009859 -7.51415892482447254e-05
116
29.557216915563323312 -4.6296103205991601115 -0.58590957207831262377
-0.0139657618108195089035 0.0031274056019462009859 -7.51415892482447254e-05
