9
0 0.00029591220819207775568
0.0 0.0 0.0
0.0 0.0 0.0
1 4.9125474498983623693e-11 0.0014751243077781048702
1.6306381826061645943e-05
0.33206272695596028566 0.07436707001147663254 -0.02438290851908785084
-0.0115920916602103591525 0.028710618792657981169 0.0034094833969203438596
2 7.243452483873646905e-10 0.006759104275397271956
4.0453784346544178454e-05
-0.7188115337296047125 -0.0118554711069603201795 0.041316403191083782287
0.00021427347881133320621 -0.020313576971905909774 -0.00029114855617710840843
3 8.9970113821660187435e-10 0.010044787321379672528
4.25875607065040958e-05
0.35677088372527121507 -0.95189300879814897627 4.4027442504036787155e-05
0.015830039028334789986 0.0059737936889703449964 -3.3484113013969089573e-07
4 9.549535102761465607e-11 0.007246743835971885302
2.265740805092889601e-05
-1.5233712071242269115 0.6723825347339112968 0.051459143378398922164
-0.0051275613251079554117 -0.011607719813367209372 -0.000117479966462153095864
5 2.825345908631354893e-07 0.35527126534549128905
0.00046732617030490929307
4.049944927347420176 -2.9910878677758190314 -0.078187280837353656526
0.0043972077687938898594 0.006432188574295680597 -0.00012509257442073270106
6 8.459715183006415395e-08 0.4376527512949726007
0.00038925687730393611812
6.298929503477405767 -7.706413024510769816 -0.11669919842191249504
0.0040140666547768266703 0.0035242303011843410798 -0.00022097170940726839814
7 1.2920249163736673626e-08 0.4695362423191493196
0.00016953449859497231466
14.856082147529010129 13.007589275314199284 -0.14417795763685259391
-0.0026158276515510360365 0.0027821364817078499815 4.40781085949555924e-05
8 1.5243589003230834323e-08 0.7812870996943599397
0.000164587904124493665
29.55744967800954015 -4.629377558152945049 -0.58590957207831262377
0.00046987400245862169295 0.0031274056019462009859 -7.51415892482447254e-05
