8
1 4.9125474498983625e-11 0.0014751256791533402
1.6306381826061646e-05
0.38710383731080894 0.24071190040066506 8.640070276952633
30.683987164281632 57.949871930463694 151.08868778597147
2 7.243452483873647e-10 0.0067591154147628296
4.0453784346544176e-05
0.7233315774753523 0.02498272794314777 2.4772002857938187
125.76075677093282 6.742571718202682 350.2972657114627
3 8.997011382166019e-10 0.010044745408888887
4.25875607065041e-05
0.9999904186618421 0.05232751342856539 2.0722848768764717
113.84624589363827 312.12453079628943 148.9860363695549
4 9.549535102761465e-11 0.007246758104365299
2.2657408050928896e-05
1.5236293140305446 0.005382832120155795 4.468216946001687
325.6098790099478 152.40711385323957 110.04936074450407
5 2.825345908631355e-07 0.3552714410085414
0.0004673261703049093
5.203095539549931 0.03063821583296288 1.3661365597246853
113.82182400586191 303.52091573107697 96.03226696213453
6 8.459715183006416e-08 0.43765112940564116
0.00038925687730393614
9.579329287028964 0.08182512713593486 2.54624964218005
100.32672664745415 306.8523855342038 64.14978871000847
7 1.2920249163736674e-08 0.4695173932519177
0.00016953449859497232
19.185526866180975 0.02725895554029442 0.6468816262831063
75.84341829565291 203.1828812930829 337.91763726094723
8 1.5243589003230834e-08 0.7812638143548571
0.00016458790412449367
30.033406636357004 0.014808837377897958 1.0172902231424474
112.31047122167676 61.6982073585126 219.66063286932612
