25
1030101
1.9298376430729873 0.012639757841142886 24.991702977377773
341.74785371597466 248.1210122966632 133.62225322652563
1030102
1.9576788467130908 0.027970945719088838 25.55968189226752
168.9126943096874 174.5978360268346 251.14179333855816
1030103
1.967626111006107 0.09226955476091864 1.5279774530000956
343.6507149897438 15.943105536008861 203.03043240705532
1030104
1.9481905063928624 0.0011928078627614026 13.712706682327513
65.70102045298484 272.5349689212673 248.3878548054673
1030105
1.9770133412534745 0.07760502570359305 21.113956523745326
352.7420976555242 265.31463697173825 90.20915048805514
1030106
1.9218154288668319 0.024539743705313734 6.3122997131518
96.26526838131817 245.40058043017729 203.1458881543752
1030107
1.8804043534140047 0.051960914508786316 5.641080857843637
135.37074231372475 310.57579433118855 92.01889766237802
1030108
1.905574620628057 0.0094526649542939 27.795518144975087
257.055868633706 262.18164024081847 174.33454380356292
1030109
1.9610371451706512 0.0642394856575368 11.238178270217231
155.06613544539204 179.7982091248266 227.65351567825778
1030110
1.8442099887042422 0.06774466132861966 7.7755827872476635
53.89722157548661 231.27772356054047 224.74925586092095
1030111
1.918614204096997 0.09311188233380624 22.656238093717935
8.91787503082778 121.09392635435141 61.064615587866086
1030112
1.846083421031052 0.058817512099736215 23.17733139808657
204.2210767808533 325.0096873835248 80.8104389106319
1030113
1.877211316979287 0.09545803603787674 22.75125883423326
338.55088656488704 260.97440743659024 358.27993618149003
1030114
1.847699999560908 0.04422349734135026 24.400107433270254
175.41066398268853 271.9213024922804 40.10860995923193
1030115
1.9693855972875431 0.01087613268562867 18.3688586644925
288.07225817085316 351.2861239674453 138.17614312177193
1030116
1.8499142747340205 0.05785154439430367 18.680424125046468
170.34777680935684 121.2501486818594 116.63207933400314
1030117
1.8484833703421926 0.027361686628703055 12.35340287511839
77.72361263316543 170.96254103643864 153.80655599509745
1030118
1.8844066519945433 0.012253504795668403 28.11812027401767
5.816089316051807 234.40531004184038 284.0432510837761
1030119
1.8321110668963587 0.05520820027904241 4.246848772229706
195.98962278787414 196.26877791689589 296.01468603344676
1030120
1.9298252957677076 0.04051603959563857 11.38835718089586
14.020062127093711 350.7131191785245 61.91415736777295
1030121
1.8296584872076656 0.02265081514507832 19.242848763922552
170.21169721403766 255.88594273947075 131.4644380844818
1030122
1.8699958208259342 0.08248881864547655 6.775274873263883
131.47697608382563 36.70815817760613 166.48187957273242
1030123
1.8427387543178881 0.07305783679736073 5.034586865380743
311.1450141807796 214.40263993828856 332.6408661254218
1030124
1.8567511528637752 0.014548178017731906 8.946207161705699
27.813385444122652 111.5675183218652 201.4816583454089
1030125
1.8846946839402372 0.06619567127431686 13.271555732235106
271.1533808977903 174.59924852630596 257.0822687250529
