256 0 10.0 1e-08
0.9 8.0
7.37571913261543e-08 1.6756646819968399e-13
0.0
0.0
0.0
0.0
0.0
0.0
0.0
193915.15049782986
172569.8552805058
153703.80050680236
137014.1717030525
122236.92960315362
109141.61896148622
97526.90221414904
87216.7126640411
78056.93775936856
69912.55644285226
62665.165872785
56210.842392309576
50458.28972931538
45327.23427952183
40747.03315463218
36655.46562914385
32997.68283024777
29725.294099983992
26795.571513821185
24170.7566461302
21817.45589885267
19706.11261253517
17810.545807315353
16107.54679640418
14576.526110758348
13199.204200318094
11959.340259264942
10842.494281314854
9835.8181040244
8927.871763667412
8108.461967399357
7368.499908198093
6699.8760098613875
6095.349502186335
5548.450997208925
5053.396471912989
4605.011266143965
4198.662880885957
3830.201515268461
3495.907413825581
3192.4442113550194
2916.817563553573
2666.3384394510235
2438.590528259069
2231.40128008695
2042.8161583413103
1871.0757326352818
1714.595285642423
1571.9466463765823
1441.8419965777646
1323.119426860719
1214.7300455769653
1115.726466421415
1025.25252108866
942.5340611049269
866.8707286374178
797.6285898807884
734.2335367739923
676.1653735128539
622.952513771651
574.1672228853439
529.4213466080266
488.36247457058437
450.6704923148921
416.0544808732974
384.2499273700039
355.0162141144364
328.1343571967222
303.4049687353834
280.6464197140524
259.69318281877145
240.39433688636583
222.61221652937408
206.22119224217613
191.10656784090438
177.16358346837413
164.29651362367983
152.41785077139275
141.4475660623219
131.31243956983707
121.94545322453958
113.28524032585484
105.27558613118516
97.86497457962669
91.00617670514136
84.65587673988907
78.77433230774965
73.3250654659918
68.27458167399234
63.59211405583226
59.249390582057465
55.22042202796836
51.48130877432977
48.01006470382877
44.78645661516238
41.791857728304244
39.009113991005165
36.42242201952445
34.01721761735114
31.780073915509558
29.698608268080232
27.761397117785126
25.95789811980124
24.278378878161995
22.71385170890299
21.25601389815566
19.897192972250817
18.630296541091287
17.448766316045617
16.346535939817308
15.31799229853191
14.35794001598889
13.46156885694983
12.62442379074683
11.84237748863969
11.111605048446535
10.428560758213905
9.789956727261
9.192743227983177
8.634090605480372
8.111372624513304
7.6221511346025785
7.164161944380036
6.735301805669363
6.333616416304886
5.957289358468169
5.6046318964022435
5.274073563818978
4.964153477199484
4.673512316557344
4.400884920133054
4.145093443960245
3.905041041327964
3.679706020893532
3.4681364456089563
3.269445137739683
3.082805058103345
2.9074450302620996
2.742645782786298
2.5877362848900276
2.442090352736692
2.3051235055433144
2.1762900522885347
2.0550803913662326
1.9410185069351646
1.8336596470069124
1.7325881694994731
1.6374155435713436
1.5477784945488098
1.4633372816759922
1.3837740987585803
1.308791588545669
1.238111462404841
1.171473217498775
1.1086329442726148
1.049362217613781
0.9934470655543174
0.940687009853937
0.8908941732325
0.8438924484175186
0.7995167245375964
0.7576121667293774
0.718033545135979
0.6806446097607931
0.6453175079044982
0.611932241156333
0.5803761591352307
0.5505434873836511
0.5223348870081408
0.4956570438373585
0.4704222850313905
0.4465482212269102
0.4239574124420241
0.4025770560934077
0.38233869559734296
0.36317794813639853
0.3450342502753056
0.32785062020383865
0.31157343547173805
0.29615222516142053
0.2815394755190387
0.26769044813365767
0.254563009818513
0.24211747340775366
0.23031644873717413
0.21912470312854923
0.20850903074454585
0.1984381302251449
0.18888249005728422
0.17981428116725023
0.17120725626049063
0.1630366554661064
0.1552791178735751
0.14791259857738218
0.14091629087135263
0.13427055325877751
0.1279568409669808
0.12195764167596446
0.1162564151902809
0.11083753680142032
0.10568624410489268
0.1007885870518829
0.09613138102998568
0.09170216278113244
0.08748914897749238
0.08348119728793624
0.07966776977863584
0.07603889850162321
0.0
0.0
0.0
0.0
0.0
0.0
0.0
0.0
0.0
0.0
0.0
0.0
0.0
0.0
0.0
0.0
0.0
0.0
0.0
0.0
0.0
0.0
0.0
0.0
0.0
0.0
0.0
0.0
0.0
0.0
0.0
0.0
0.0
0.0
0.0
0.0
0.0
0.0
0.0
0.0
0.0
