8
Mercury 4.9125474498983625056e-11 0.0014751323154597007903
1.6306381826061645943e-05
0.053584775529809842987 -0.4548355025417368247 -0.04208301187261995896
0.022298358665237189014 0.0047355207618514265702 -0.0016584224113858070382
Venus 7.243452483873647106e-10 0.0067590814914530454873
4.0453784346544178454e-05
0.12681182092868958922 -0.7161485778943049718 -0.017146261752773749032
0.01978070713081106144 0.0034557070729633850362 -0.00109402215681010293
Earth 8.997011382166018993e-10 0.010044922299157372164
4.25875607065040958e-05
0.9913796310092216624 -0.17236385208280941006 4.574442303609438109e-06
0.0026673818939059660942 0.016885702625202340249 -8.2074388361713082097e-07
Mars 9.549535102761465872e-11 0.007246507286611460043
2.265740805092889601e-05
-1.6436878725691590475 -0.09931688681832298582 0.038237939117251117105
0.0013642455487206960919 -0.0127728951275482699446 -0.00030115173687901287654
Jupiter 2.8253459086313549713e-07 0.3552710784524730732
0.00046732617030490929307
4.304060110247122317 -2.579516473452256875 -0.08558202993848706974
0.003792902202341501966 0.0068350794283332117623 -0.00011324814038141340017
Saturn 8.45971518300641563e-08 0.4376659135625219704
0.00038925687730393611812
6.54409134618183419 -7.483470470167333133 -0.1303290586096018111
0.003893524262024787054 0.0036668581511023591937 -0.00021865564058601801348
Uranus 1.2920249163736673984e-08 0.46971473227488383167
0.00016953449859497231466
14.692788408572690528 13.179130291284799625 -0.14143429698462339772
-0.0026516826407085368304 0.0027513763836455209892 4.4427867883713361775e-05
Neptune 1.5243589003230834746e-08 0.78149679568494038567
0.000164587904124493665
29.58593540166936009 -4.435365846939811618 -0.5905556302070252839
0.0004489890080502080224 0.003131021601122137201 -7.4728898269552307757e-05
