9
0 0.00029591220819207775568
0.0 0.0 0.0
0.0 0.0 0.0
1 4.9125474498983623693e-11 0.0014751239400086721089
1.6306381826061645943e-05
-0.09861361766419070307 0.29750596935836171042 0.03335708456145129036
-0.032353632540864457612 -0.0078122718370876240157 0.0023293874953380202045
2 7.243452483873646905e-10 0.0067590794275223005208
4.0453784346544178454e-05
-0.6439817957564198947 -0.3248550380869373866 0.032702713983447248558
0.008969709495375973937 -0.018153139924556138673 -0.0007667345025597138231
3 8.9970113821660187435e-10 0.010044873080337524463
4.25875607065040958e-05
0.59421674333603324847 -0.82331253628773626296 3.7129329104855261984e-05
0.013670550280388280365 0.010004295439859960809 -5.226292361234363611e-07
4 9.549535102761465607e-11 0.0072467054748629370034
2.265740805092889601e-05
-1.592721551706784977 0.48166390206865000723 0.049163460846716633412
-0.0035287723306552309585 -0.01219974682608557931 -0.00016910795626524249315
5 2.825345908631354893e-07 0.35527074967975702942
0.00046732617030490929307
4.119089774477131094 -2.8872942462256898644 -0.080165336328135106125
0.004245402942744468111 0.0065414198811065849687 -0.00012215100047356211078
6 8.459715183006415395e-08 0.4376562090257202473
0.00038925687730393611812
6.3629100567525149756 -7.649727796147929304 -0.12023019299387090186
0.0039834472120812329868 0.0035613826786502411278 -0.00022039988214595340028
7 1.2920249163736673626e-08 0.4695793205674148502
0.00016953449859497231466
14.814154683311180349 13.052040295401360126 -0.14347198499748289868
-0.002625101393275708784 0.0027742356008832688187 4.416821810149910185e-05
8 1.5243589003230834323e-08 0.7813388398513013378
0.000164587904124493665
29.564924658285640646 -4.579331535234244299 -0.5871109926822926095
0.00046449847307956888343 0.003128345390031967918 -7.5036135696161668576e-05
