16
101
-0.09859055695785905182 0.2975290300646933339 0.03335708456145129036
-0.029750083068855306956 -0.0078122718370876240157 0.0023293874953380202045
102
-0.09863667837052235432 0.29748290865203008693 0.03335708456145129036
-0.034957182012873608268 -0.0078122718370876240157 0.0023293874953380202045
103
-0.6439245854659476631 -0.32479782779646521051 0.032702713983447248558
0.0153169432007213678765 -0.018153139924556138673 -0.0007667345025597138231
104
-0.6440390060468921263 -0.32491224837740956266 0.032702713983447248558
0.002622475790030579998 -0.018153139924556138673 -0.0007667345025597138231
105
0.59427697124197276235 -0.8232523083817967491 3.7129329104855261984e-05
0.020564990514662154913 0.010004295439859960809 -5.226292361234363611e-07
106
0.5941565154300937346 -0.82337276419367577684 3.7129329104855261984e-05
0.0067761100461144049487 0.010004295439859960809 -5.226292361234363611e-07
107
-1.5926895092930311026 0.48169594448240382611 0.049163460846716633412
-0.00044929323243133797994 -0.01219974682608557931 -0.00016910795626524249315
108
-1.5927535941205388514 0.48163185965489618834 0.049163460846716633412
-0.006608251428879123937 -0.01219974682608557931 -0.00016910795626524249315
109
4.119750673485228276 -2.8866333472175926822 -0.080165336328135106125
0.041127620144391897894 0.0065414198811065849687 -0.00012215100047356211078
110
4.118428875469033912 -2.8879551452337870465 -0.080165336328135106125
-0.032636814258902961672 0.0065414198811065849687 -0.00012215100047356211078
111
6.3634605491076454697 -7.64917730379279881 -0.12023019299387090186
0.026096616095614821179 0.0035613826786502411278 -0.00022039988214595340028
112
6.3623595643973844815 -7.650278288503059798 -0.12023019299387090186
-0.01812972167145235694 0.0035613826786502411278 -0.00022039988214595340028
113
14.814394441298382787 13.052280053388562564 -0.14347198499748289868
0.010469662145386185101 0.0027742356008832688187 4.416821810149910185e-05
114
14.813914925323977911 13.051800537414157688 -0.14347198499748289868
-0.015719864931937603536 0.0027742356008832688187 4.416821810149910185e-05
115
29.565157420731857485 -4.579098772788029237 -0.5871109926822926095
0.014900134286357700347 0.003128345390031967918 -7.5036135696161668576e-05
116
29.564691895839423808 -4.5795642976804593616 -0.5871109926822926095
-0.0139711373401985618214 0.003128345390031967918 -7.5036135696161668576e-05
